409 5
179 6
180 6
181 6
409 6
179 7
181 7
179 8
180 8
181 8
180 9
180 10
243 15
244 15
243 16
245 16
472 16
473 16
474 16
243 17
245 17
477 17
478 17
479 17
243 18
245 18
366 18
472 18
473 18
474 18
480 18
481 18
243 19
245 19
366 19
245 20
366 20
484 20
486 20
365 21
366 21
484 21
486 21
207 22
208 22
209 22
210 22
484 22
485 22
486 22
203 23
204 23
205 23
206 23
447 23
448 23
449 23
450 23
207 24
208 24
209 24
450 24
451 24
203 25
204 25
205 25
206 25
432 25
434 25
448 25
449 25
452 25
432 26
435 26
436 26
450 26
452 26
433 27
434 27
436 27
437 27
438 28
579 28
580 28
439 29
440 29
570 29
571 29
572 29
440 30
441 30
570 30
572 30
441 31
442 31
570 31
571 31
572 31
582 31
583 31
584 31
585 31
443 32
444 32
444 33
445 33
445 34
444 35
445 35
518 36
519 36
520 36
521 36
522 36
523 36
524 36
515 37
516 37
525 37
526 37
527 37
528 37
529 37
530 37
531 37
532 37
471 38
472 38
473 38
517 38
533 38
471 39
473 39
474 39
529 39
530 39
531 39
532 39
534 39
471 40
474 40
470 41
472 41
474 41
293 42
321 42
476 42
477 42
478 42
293 43
294 43
308 43
321 43
476 43
478 43
479 43
289 44
290 44
291 44
292 44
294 44
295 44
296 44
297 44
298 44
299 44
300 44
301 44
302 44
303 44
304 44
305 44
306 44
307 44
308 44
309 44
310 44
311 44
312 44
313 44
314 44
315 44
316 44
317 44
318 44
319 44
320 44
350 44
351 44
412 44
413 44
414 44
476 44
275 45
276 45
277 45
278 45
279 45
280 45
281 45
282 45
283 45
284 45
285 45
286 45
287 45
288 45
327 45
328 45
329 45
330 45
331 45
332 45
333 45
334 45
335 45
336 45
337 45
338 45
339 45
340 45
350 45
401 45
402 45
403 45
404 45
405 45
407 45
408 45
409 45
410 45
411 45
477 45
478 45
479 45
487 45
261 46
262 46
263 46
265 46
266 46
267 46
268 46
269 46
270 46
271 46
272 46
273 46
274 46
341 46
342 46
343 46
344 46
345 46
346 46
347 46
348 46
349 46
402 46
412 46
413 46
414 46
415 46
416 46
417 46
418 46
488 46
489 46
493 46
494 46
256 47
257 47
258 47
259 47
260 47
261 47
490 47
491 47
492 47
248 48
249 48
250 48
251 48
252 48
253 48
254 48
255 48
492 48
493 48
494 48
586 48
588 48
242 49
243 49
244 49
245 49
246 49
247 49
577 49
578 49
579 49
587 49
589 49
590 49
591 49
592 49
234 50
235 50
236 50
237 50
238 50
333 50
334 50
541 50
542 50
543 50
544 50
577 50
580 50
584 50
587 50
588 50
593 50
228 51
229 51
230 51
231 51
232 51
233 51
332 51
398 51
578 51
581 51
585 51
589 51
590 51
591 51
593 51
222 52
223 52
224 52
225 52
226 52
227 52
295 52
296 52
331 52
341 52
399 52
579 52
580 52
581 52
586 52
587 52
219 53
220 53
221 53
222 53
296 53
332 53
341 53
400 53
401 53
587 53
588 53
594 53
214 54
215 54
216 54
217 54
218 54
297 54
298 54
331 54
341 54
402 54
403 54
404 54
405 54
406 54
407 54
408 54
409 54
410 54
589 54
590 54
208 55
209 55
210 55
211 55
212 55
213 55
296 55
331 55
338 55
340 55
341 55
404 55
410 55
411 55
587 55
590 55
591 55
594 55
205 56
206 56
207 56
296 56
297 56
331 56
337 56
340 56
347 56
411 56
412 56
587 56
588 56
591 56
202 57
203 57
204 57
205 57
274 57
297 57
298 57
330 57
336 57
337 57
339 57
346 57
412 57
415 57
416 57
417 57
420 57
421 57
422 57
588 57
589 57
592 57
195 58
196 58
197 58
198 58
199 58
200 58
201 58
275 58
276 58
298 58
330 58
334 58
335 58
336 58
338 58
344 58
345 58
354 58
355 58
414 58
415 58
417 58
418 58
419 58
422 58
423 58
424 58
590 58
593 58
594 58
193 59
194 59
195 59
276 59
311 59
312 59
313 59
315 59
317 59
318 59
319 59
320 59
326 59
343 59
344 59
346 59
353 59
354 59
425 59
426 59
547 59
548 59
549 59
550 59
551 59
552 59
553 59
554 59
555 59
556 59
557 59
591 59
191 60
192 60
193 60
293 60
296 60
297 60
298 60
299 60
300 60
301 60
302 60
303 60
304 60
305 60
306 60
307 60
308 60
309 60
310 60
314 60
316 60
321 60
322 60
323 60
324 60
325 60
326 60
327 60
328 60
329 60
330 60
331 60
332 60
333 60
334 60
335 60
336 60
337 60
351 60
352 60
426 60
575 60
576 60
592 60
593 60
186 61
187 61
188 61
189 61
190 61
287 61
288 61
289 61
290 61
291 61
292 61
294 61
295 61
338 61
339 61
340 61
341 61
342 61
343 61
426 61
427 61
574 61
576 61
594 61
183 62
184 62
185 62
279 62
280 62
281 62
282 62
283 62
284 62
285 62
286 62
344 62
345 62
346 62
347 62
348 62
349 62
350 62
427 62
428 62
435 62
574 62
575 62
576 62
135 63
136 63
137 63
138 63
139 63
140 63
141 63
142 63
143 63
144 63
145 63
146 63
147 63
180 63
181 63
182 63
274 63
275 63
276 63
277 63
278 63
351 63
352 63
353 63
354 63
355 63
436 63
437 63
148 64
149 64
150 64
151 64
152 64
153 64
154 64
155 64
162 64
178 64
179 64
180 64
267 64
268 64
269 64
270 64
271 64
272 64
273 64
355 64
356 64
357 64
358 64
437 64
439 64
440 64
156 65
157 65
158 65
159 65
160 65
161 65
163 65
173 65
174 65
175 65
176 65
177 65
264 65
265 65
266 65
359 65
360 65
361 65
362 65
437 65
438 65
442 65
443 65
171 66
172 66
173 66
259 66
260 66
261 66
262 66
263 66
362 66
363 66
364 66
438 66
439 66
443 66
444 66
445 66
169 67
170 67
255 67
256 67
257 67
258 67
364 67
365 67
366 67
367 67
368 67
439 67
440 67
446 67
122 68
123 68
125 68
167 68
168 68
169 68
250 68
251 68
252 68
253 68
254 68
368 68
369 68
370 68
447 68
448 68
449 68
124 69
127 69
128 69
129 69
130 69
131 69
132 69
164 69
165 69
166 69
167 69
248 69
249 69
250 69
370 69
371 69
372 69
444 69
445 69
446 69
450 69
451 69
129 70
133 70
134 70
157 70
161 70
162 70
163 70
243 70
244 70
245 70
246 70
247 70
373 70
374 70
375 70
446 70
448 70
452 70
129 71
158 71
159 71
241 71
242 71
243 71
375 71
376 71
448 71
449 71
157 72
158 72
239 72
240 72
241 72
376 72
377 72
450 72
155 73
156 73
157 73
236 73
237 73
238 73
378 73
379 73
380 73
153 74
154 74
155 74
234 74
235 74
236 74
380 74
381 74
94 75
95 75
149 75
150 75
151 75
152 75
231 75
232 75
233 75
382 75
383 75
457 75
95 76
96 76
147 76
148 76
149 76
229 76
230 76
231 76
383 76
384 76
457 76
458 76
537 76
538 76
96 77
98 77
99 77
100 77
146 77
148 77
226 77
227 77
228 77
384 77
385 77
459 77
460 77
461 77
537 77
539 77
540 77
541 77
542 77
543 77
100 78
101 78
145 78
225 78
226 78
386 78
537 78
543 78
101 79
144 79
145 79
223 79
224 79
225 79
386 79
387 79
535 79
536 79
541 79
542 79
543 79
544 79
48 80
141 80
142 80
143 80
220 80
221 80
222 80
223 80
387 80
463 80
464 80
539 80
540 80
48 81
139 81
140 81
219 81
220 81
388 81
464 81
465 81
537 81
538 81
49 82
69 82
110 82
137 82
138 82
139 82
217 82
218 82
219 82
389 82
466 82
467 82
111 83
112 83
113 83
116 83
117 83
136 83
216 83
217 83
389 83
467 83
468 83
76 84
90 84
91 84
114 84
115 84
120 84
135 84
136 84
215 84
216 84
389 84
468 84
469 84
76 85
77 85
78 85
79 85
92 85
99 85
100 85
116 85
117 85
121 85
122 85
123 85
133 85
134 85
135 85
214 85
215 85
389 85
469 85
80 86
89 86
90 86
97 86
101 86
119 86
131 86
132 86
133 86
213 86
214 86
390 86
469 86
470 86
98 87
99 87
100 87
120 87
130 87
211 87
212 87
213 87
390 87
471 87
472 87
72 88
73 88
102 88
103 88
104 88
108 88
210 88
211 88
390 88
472 88
473 88
532 88
533 88
73 89
74 89
105 89
106 89
109 89
110 89
111 89
112 89
113 89
210 89
390 89
473 89
474 89
527 89
531 89
74 90
75 90
107 90
108 90
114 90
115 90
207 90
209 90
210 90
390 90
474 90
519 90
520 90
524 90
528 90
529 90
530 90
531 90
75 91
76 91
90 91
105 91
106 91
115 91
116 91
125 91
126 91
206 91
207 91
209 91
390 91
521 91
522 91
523 91
77 92
78 92
89 92
116 92
123 92
124 92
125 92
206 92
390 92
475 92
86 93
87 93
90 93
91 93
93 93
96 93
121 93
122 93
123 93
204 93
206 93
389 93
391 93
476 93
76 94
77 94
78 94
89 94
92 94
95 94
203 94
204 94
206 94
389 94
391 94
477 94
79 95
80 95
84 95
87 95
93 95
96 95
97 95
98 95
99 95
203 95
206 95
477 95
478 95
76 96
77 96
80 96
81 96
83 96
85 96
89 96
90 96
92 96
95 96
202 96
478 96
479 96
77 97
78 97
81 97
82 97
87 97
92 97
93 97
97 97
98 97
201 97
204 97
480 97
526 97
527 97
528 97
529 97
530 97
531 97
79 98
83 98
95 98
117 98
118 98
201 98
204 98
371 98
372 98
391 98
480 98
526 98
531 98
81 99
84 99
85 99
94 99
115 99
116 99
117 99
201 99
204 99
309 99
371 99
391 99
480 99
82 100
86 100
89 100
104 100
113 100
114 100
115 100
201 100
203 100
309 100
323 100
324 100
372 100
373 100
390 100
480 100
481 100
84 101
87 101
88 101
103 101
203 101
370 101
371 101
389 101
481 101
85 102
88 102
89 102
94 102
102 102
104 102
202 102
370 102
388 102
481 102
86 103
90 103
91 103
93 103
101 103
202 103
388 103
482 103
544 103
545 103
88 104
91 104
99 104
100 104
202 104
388 104
482 104
544 104
88 105
89 105
93 105
101 105
202 105
386 105
483 105
544 105
90 106
91 106
94 106
95 106
98 106
100 106
199 106
202 106
385 106
483 106
544 106
92 107
96 107
97 107
100 107
199 107
201 107
202 107
203 107
363 107
384 107
385 107
483 107
94 108
99 108
203 108
361 108
362 108
363 108
384 108
484 108
95 109
98 109
204 109
369 109
484 109
94 110
95 110
97 110
98 110
204 110
369 110
370 110
484 110
485 110
486 110
97 111
204 111
205 111
370 111
95 112
96 112
206 112
370 112
485 112
486 112
581 112
582 112
583 112
584 112
585 112
587 112
92 113
93 113
207 113
367 113
484 113
579 113
580 113
586 113
588 113
589 113
91 114
93 114
207 114
208 114
363 114
364 114
484 114
579 114
582 114
583 114
590 114
591 114
592 114
594 114
90 115
92 115
93 115
209 115
210 115
362 115
363 115
484 115
577 115
578 115
584 115
585 115
586 115
587 115
593 115
90 116
92 116
94 116
210 116
211 116
361 116
484 116
492 116
493 116
494 116
576 116
577 116
581 116
582 116
587 116
588 116
589 116
89 117
95 117
211 117
212 117
360 117
361 117
485 117
575 117
576 117
578 117
579 117
583 117
584 117
585 117
590 117
591 117
592 117
88 118
91 118
94 118
213 118
214 118
359 118
485 118
486 118
575 118
580 118
581 118
586 118
587 118
588 118
589 118
593 118
594 118
88 119
89 119
90 119
215 119
359 119
574 119
577 119
578 119
579 119
583 119
584 119
585 119
593 119
87 120
93 120
218 120
219 120
358 120
484 120
485 120
573 120
580 120
581 120
586 120
587 120
89 121
91 121
92 121
93 121
219 121
220 121
484 121
572 121
573 121
582 121
583 121
584 121
586 121
89 122
91 122
221 122
222 122
484 122
570 122
571 122
572 122
580 122
581 122
585 122
586 122
88 123
218 123
483 123
570 123
582 123
583 123
86 124
88 124
90 124
92 124
219 124
220 124
221 124
483 124
569 124
585 124
586 124
587 124
85 125
88 125
90 125
92 125
220 125
344 125
483 125
567 125
568 125
574 125
575 125
587 125
85 126
88 126
90 126
92 126
327 126
328 126
329 126
330 126
341 126
342 126
343 126
344 126
482 126
566 126
567 126
575 126
586 126
84 127
87 127
88 127
90 127
92 127
226 127
227 127
228 127
229 127
334 127
335 127
336 127
337 127
338 127
339 127
340 127
341 127
482 127
565 127
573 127
574 127
46 128
47 128
48 128
84 128
87 128
90 128
92 128
224 128
225 128
332 128
333 128
482 128
487 128
488 128
567 128
569 128
570 128
14 129
45 129
46 129
48 129
49 129
50 129
83 129
86 129
90 129
92 129
223 129
236 129
237 129
238 129
329 129
330 129
331 129
481 129
563 129
564 129
570 129
13 130
14 130
41 130
42 130
43 130
44 130
52 130
83 130
86 130
90 130
92 130
234 130
235 130
238 130
239 130
240 130
241 130
242 130
249 130
250 130
304 130
320 130
321 130
322 130
323 130
324 130
325 130
326 130
327 130
328 130
481 130
562 130
563 130
35 131
36 131
41 131
46 131
48 131
49 131
50 131
51 131
86 131
90 131
92 131
232 131
233 131
234 131
245 131
246 131
247 131
248 131
251 131
304 131
317 131
318 131
319 131
480 131
481 131
561 131
562 131
14 132
34 132
36 132
42 132
43 132
44 132
45 132
84 132
86 132
90 132
92 132
231 132
244 132
251 132
252 132
253 132
305 132
306 132
307 132
308 132
309 132
310 132
311 132
312 132
313 132
314 132
315 132
316 132
480 132
560 132
561 132
14 133
26 133
27 133
28 133
83 133
84 133
86 133
90 133
92 133
229 133
243 133
254 133
255 133
256 133
257 133
264 133
266 133
267 133
268 133
269 133
271 133
272 133
273 133
279 133
280 133
281 133
283 133
284 133
294 133
295 133
300 133
301 133
302 133
303 133
304 133
480 133
559 133
560 133
594 133
24 134
25 134
82 134
83 134
86 134
90 134
92 134
174 134
227 134
228 134
231 134
232 134
246 134
257 134
258 134
265 134
269 134
274 134
275 134
276 134
277 134
278 134
285 134
286 134
287 134
288 134
289 134
290 134
291 134
292 134
293 134
296 134
298 134
299 134
341 134
342 134
365 134
366 134
481 134
558 134
593 134
594 134
27 135
28 135
29 135
30 135
32 135
33 135
82 135
86 135
90 135
92 135
172 135
173 135
227 135
230 135
231 135
245 135
342 135
343 135
367 135
368 135
477 135
478 135
479 135
483 135
484 135
485 135
557 135
592 135
593 135
24 136
25 136
26 136
27 136
33 136
82 136
86 136
90 136
92 136
169 136
170 136
227 136
228 136
229 136
243 136
244 136
257 136
344 136
365 136
366 136
369 136
476 136
477 136
556 136
591 136
592 136
82 137
86 137
91 137
166 137
167 137
168 137
172 137
173 137
242 137
243 137
256 137
294 137
307 137
326 137
346 137
347 137
348 137
367 137
370 137
371 137
372 137
476 137
555 137
556 137
590 137
591 137
81 138
87 138
88 138
89 138
91 138
93 138
164 138
165 138
169 138
170 138
171 138
241 138
255 138
256 138
269 138
294 138
295 138
308 138
315 138
327 138
328 138
349 138
368 138
475 138
476 138
554 138
589 138
590 138
81 139
91 139
93 139
167 139
168 139
184 139
186 139
239 139
240 139
254 139
255 139
268 139
269 139
295 139
309 139
310 139
316 139
350 139
369 139
474 139
475 139
553 139
589 139
81 140
84 140
87 140
88 140
92 140
94 140
166 140
167 140
182 140
183 140
186 140
238 140
254 140
268 140
282 140
296 140
311 140
317 140
331 140
350 140
351 140
370 140
474 140
484 140
552 140
588 140
82 141
83 141
86 141
92 141
94 141
165 141
180 141
181 141
185 141
236 141
237 141
238 141
253 141
268 141
282 141
296 141
297 141
311 141
312 141
317 141
318 141
331 141
332 141
351 141
352 141
371 141
473 141
474 141
483 141
551 141
552 141
587 141
588 141
85 142
86 142
87 142
92 142
94 142
183 142
199 142
217 142
252 142
253 142
268 142
282 142
297 142
298 142
313 142
319 142
320 142
321 142
333 142
353 142
372 142
473 142
482 142
586 142
587 142
83 143
84 143
87 143
88 143
94 143
181 143
182 143
198 143
216 143
233 143
234 143
235 143
251 143
267 143
268 143
282 143
298 143
314 143
321 143
322 143
334 143
354 143
471 143
477 143
478 143
585 143
586 143
83 144
88 144
93 144
95 144
179 144
180 144
195 144
196 144
214 144
216 144
232 144
234 144
251 144
266 144
267 144
283 144
315 144
335 144
354 144
355 144
469 144
470 144
472 144
473 144
584 144
585 144
82 145
88 145
93 145
95 145
178 145
179 145
193 145
194 145
197 145
198 145
214 145
216 145
231 145
234 145
250 145
266 145
282 145
283 145
298 145
299 145
315 145
316 145
335 145
355 145
356 145
469 145
476 145
477 145
478 145
479 145
552 145
583 145
584 145
77 146
82 146
88 146
94 146
96 146
176 146
177 146
191 146
192 146
196 146
212 146
230 146
233 146
250 146
266 146
283 146
299 146
300 146
316 146
317 146
336 146
467 146
468 146
551 146
553 146
554 146
555 146
582 146
583 146
77 147
79 147
82 147
83 147
89 147
97 147
175 147
189 147
190 147
191 147
195 147
196 147
211 147
214 147
229 147
230 147
232 147
249 147
266 147
283 147
300 147
317 147
337 147
467 147
555 147
556 147
557 147
581 147
582 147
77 148
79 148
84 148
89 148
95 148
98 148
174 148
188 148
189 148
194 148
195 148
210 148
213 148
214 148
228 148
229 148
231 148
249 148
266 148
283 148
317 148
337 148
338 148
466 148
467 148
558 148
559 148
560 148
561 148
580 148
581 148
77 149
79 149
84 149
88 149
92 149
93 149
94 149
95 149
96 149
193 149
207 149
208 149
209 149
212 149
213 149
227 149
228 149
231 149
249 149
266 149
283 149
300 149
318 149
464 149
465 149
562 149
563 149
564 149
565 149
566 149
579 149
580 149
80 150
84 150
87 150
96 150
97 150
98 150
191 150
192 150
206 150
207 150
211 150
212 150
226 150
227 150
230 150
248 150
266 150
283 150
301 150
319 150
465 150
567 150
568 150
569 150
571 150
572 150
579 150
78 151
80 151
84 151
89 151
90 151
91 151
97 151
98 151
100 151
190 151
191 151
204 151
205 151
210 151
211 151
225 151
226 151
229 151
248 151
265 151
284 151
301 151
319 151
570 151
573 151
574 151
575 151
578 151
579 151
78 152
80 152
84 152
86 152
88 152
91 152
98 152
100 152
189 152
190 152
203 152
204 152
209 152
210 152
224 152
225 152
229 152
247 152
248 152
265 152
284 152
301 152
320 152
460 152
461 152
462 152
463 152
464 152
467 152
468 152
469 152
486 152
576 152
577 152
578 152
78 153
79 153
80 153
84 153
88 153
91 153
101 153
188 153
201 153
202 153
208 153
209 153
223 153
228 153
229 153
247 153
265 153
284 153
302 153
320 153
459 153
460 153
487 153
489 153
490 153
83 154
86 154
92 154
99 154
102 154
187 154
200 154
207 154
208 154
222 154
227 154
228 154
246 154
247 154
265 154
284 154
302 154
320 154
321 154
457 154
458 154
468 154
469 154
470 154
485 154
488 154
489 154
79 155
81 155
82 155
83 155
86 155
92 155
93 155
100 155
103 155
186 155
206 155
207 155
220 155
221 155
227 155
246 155
265 155
284 155
303 155
321 155
322 155
456 155
457 155
486 155
76 156
79 156
82 156
86 156
93 156
101 156
104 156
206 156
219 156
226 156
245 156
265 156
284 156
303 156
322 156
454 156
455 156
486 156
77 157
79 157
84 157
85 157
94 157
205 157
217 157
218 157
225 157
226 157
245 157
265 157
284 157
303 157
323 157
453 157
454 157
486 157
77 158
80 158
83 158
85 158
86 158
87 158
94 158
95 158
104 158
204 158
216 158
225 158
245 158
265 158
303 158
323 158
485 158
77 159
80 159
82 159
83 159
87 159
95 159
104 159
105 159
203 159
224 159
244 159
264 159
324 159
453 159
454 159
484 159
485 159
63 160
77 160
80 160
82 160
87 160
95 160
105 160
106 160
202 160
223 160
224 160
244 160
264 160
448 160
449 160
450 160
451 160
453 160
483 160
484 160
63 161
77 161
81 161
83 161
87 161
88 161
94 161
97 161
106 161
107 161
108 161
110 161
120 161
201 161
223 161
264 161
446 161
447 161
482 161
483 161
62 162
77 162
81 162
83 162
84 162
88 162
89 162
93 162
96 162
97 162
98 162
99 162
101 162
108 162
111 162
120 162
121 162
122 162
222 162
264 162
444 162
445 162
446 162
481 162
482 162
62 163
77 163
82 163
84 163
85 163
88 163
89 163
91 163
95 163
99 163
100 163
109 163
112 163
122 163
123 163
221 163
264 163
442 163
443 163
480 163
481 163
62 164
77 164
82 164
85 164
89 164
100 164
101 164
110 164
113 164
123 164
124 164
220 164
263 164
440 164
441 164
442 164
62 165
77 165
83 165
85 165
90 165
93 165
101 165
102 165
114 165
115 165
125 165
126 165
127 165
263 165
438 165
439 165
62 166
77 166
84 166
86 166
89 166
93 166
102 166
103 166
113 166
116 166
117 166
127 166
438 166
77 167
84 167
86 167
89 167
91 167
103 167
104 167
114 167
115 167
118 167
128 167
129 167
130 167
434 167
435 167
438 167
439 167
475 167
476 167
77 168
87 168
91 168
92 168
93 168
104 168
105 168
116 168
117 168
118 168
120 168
130 168
131 168
132 168
431 168
432 168
433 168
436 168
463 168
474 168
475 168
78 169
85 169
87 169
90 169
93 169
94 169
105 169
106 169
118 169
121 169
132 169
429 169
430 169
431 169
464 169
473 169
474 169
78 170
86 170
90 170
94 170
95 170
96 170
97 170
106 170
119 170
123 170
134 170
135 170
427 170
428 170
465 170
472 170
473 170
78 171
87 171
89 171
95 171
105 171
120 171
121 171
124 171
133 171
135 171
136 171
425 171
426 171
427 171
465 171
466 171
471 171
472 171
78 172
87 172
89 172
90 172
96 172
104 172
107 172
108 172
109 172
117 172
122 172
123 172
126 172
129 172
137 172
138 172
423 172
424 172
425 172
428 172
466 172
467 172
469 172
470 172
471 172
78 173
79 173
91 173
97 173
98 173
104 173
106 173
110 173
111 173
118 173
119 173
124 173
127 173
128 173
139 173
140 173
141 173
420 173
421 173
422 173
468 173
469 173
79 174
92 174
98 174
99 174
103 174
106 174
111 174
120 174
121 174
125 174
129 174
130 174
133 174
141 174
142 174
143 174
423 174
79 175
90 175
93 175
99 175
100 175
103 175
105 175
122 175
123 175
126 175
131 175
132 175
144 175
145 175
146 175
414 175
415 175
416 175
417 175
418 175
80 176
91 176
94 176
100 176
102 176
103 176
105 176
130 176
134 176
135 176
146 176
147 176
148 176
412 176
413 176
414 176
419 176
420 176
421 176
422 176
423 176
463 176
464 176
80 177
92 177
94 177
95 177
100 177
102 177
105 177
128 177
129 177
132 177
133 177
137 177
149 177
150 177
151 177
407 177
408 177
409 177
410 177
411 177
448 177
461 177
462 177
463 177
80 178
95 178
100 178
102 178
128 178
133 178
134 178
135 178
138 178
139 178
151 178
405 178
406 178
407 178
449 178
460 178
461 178
80 179
96 179
99 179
101 179
104 179
105 179
106 179
125 179
126 179
127 179
135 179
136 179
137 179
138 179
140 179
141 179
152 179
153 179
154 179
156 179
403 179
404 179
405 179
450 179
459 179
460 179
97 180
98 180
99 180
101 180
106 180
107 180
124 180
125 180
139 180
142 180
143 180
157 180
158 180
399 180
400 180
401 180
402 180
450 180
456 180
457 180
458 180
98 181
101 181
107 181
108 181
120 181
124 181
140 181
141 181
145 181
146 181
159 181
160 181
161 181
162 181
394 181
395 181
396 181
451 181
454 181
455 181
456 181
100 182
109 182
110 182
119 182
122 182
123 182
124 182
125 182
126 182
143 182
147 182
148 182
149 182
163 182
164 182
165 182
391 182
392 182
393 182
397 182
452 182
453 182
454 182
101 183
102 183
103 183
110 183
111 183
118 183
119 183
121 183
122 183
127 183
151 183
152 183
153 183
161 183
162 183
165 183
166 183
167 183
168 183
386 183
387 183
388 183
389 183
390 183
391 183
398 183
399 183
400 183
401 183
402 183
103 184
104 184
112 184
113 184
118 184
121 184
128 184
129 184
130 184
131 184
147 184
148 184
149 184
150 184
154 184
155 184
169 184
170 184
171 184
172 184
383 184
384 184
385 184
104 185
105 185
113 185
114 185
118 185
131 185
132 185
150 185
151 185
152 185
153 185
156 185
157 185
158 185
172 185
381 185
382 185
429 185
448 185
449 185
101 186
102 186
105 186
106 186
114 186
115 186
118 186
132 186
133 186
153 186
154 186
155 186
159 186
160 186
161 186
171 186
173 186
174 186
175 186
176 186
177 186
178 186
179 186
180 186
375 186
376 186
377 186
378 186
379 186
380 186
430 186
431 186
445 186
446 186
447 186
448 186
6 187
103 187
107 187
115 187
118 187
156 187
157 187
158 187
163 187
181 187
182 187
183 187
371 187
431 187
443 187
444 187
6 188
7 188
104 188
105 188
108 188
109 188
115 188
117 188
160 188
161 188
165 188
166 188
167 188
184 188
185 188
186 188
187 188
188 188
366 188
367 188
368 188
369 188
370 188
372 188
373 188
432 188
441 188
442 188
443 188
8 189
9 189
48 189
50 189
105 189
106 189
110 189
114 189
117 189
162 189
163 189
164 189
169 189
170 189
189 189
190 189
191 189
192 189
362 189
363 189
364 189
365 189
374 189
432 189
433 189
439 189
440 189
9 190
49 190
50 190
106 190
107 190
111 190
113 190
114 190
122 190
123 190
124 190
139 190
140 190
165 190
166 190
167 190
168 190
172 190
173 190
174 190
175 190
193 190
194 190
195 190
358 190
359 190
360 190
362 190
375 190
376 190
377 190
378 190
379 190
387 190
388 190
389 190
433 190
437 190
438 190
439 190
9 191
107 191
108 191
109 191
111 191
112 191
113 191
124 191
125 191
138 191
139 191
168 191
169 191
170 191
171 191
196 191
197 191
198 191
200 191
201 191
202 191
203 191
351 191
352 191
353 191
354 191
355 191
356 191
357 191
363 191
384 191
385 191
386 191
434 191
436 191
437 191
126 192
127 192
138 192
167 192
172 192
173 192
174 192
175 192
181 192
182 192
199 192
204 192
205 192
206 192
207 192
208 192
349 192
350 192
375 192
376 192
377 192
378 192
379 192
380 192
382 192
383 192
435 192
6 193
7 193
8 193
107 193
108 193
109 193
127 193
128 193
129 193
130 193
137 193
138 193
177 193
178 193
179 193
180 193
209 193
210 193
211 193
212 193
213 193
215 193
216 193
217 193
336 193
337 193
338 193
339 193
340 193
341 193
342 193
343 193
344 193
345 193
346 193
347 193
348 193
429 193
430 193
105 194
106 194
130 194
131 194
137 194
181 194
182 194
183 194
184 194
190 194
191 194
192 194
214 194
218 194
219 194
220 194
221 194
222 194
223 194
228 194
329 194
330 194
331 194
332 194
333 194
334 194
335 194
347 194
427 194
428 194
429 194
102 195
103 195
104 195
105 195
131 195
132 195
133 195
134 195
135 195
186 195
187 195
188 195
189 195
224 195
225 195
228 195
230 195
231 195
232 195
233 195
234 195
235 195
236 195
321 195
323 195
324 195
325 195
326 195
327 195
328 195
425 195
426 195
427 195
99 196
100 196
101 196
135 196
137 196
138 196
190 196
191 196
192 196
193 196
201 196
202 196
225 196
227 196
228 196
237 196
238 196
239 196
240 196
241 196
242 196
243 196
244 196
245 196
246 196
307 196
308 196
309 196
310 196
311 196
312 196
313 196
314 196
315 196
316 196
317 196
320 196
322 196
422 196
423 196
424 196
95 197
96 197
97 197
98 197
135 197
137 197
196 197
197 197
198 197
199 197
200 197
206 197
207 197
208 197
209 197
247 197
248 197
249 197
250 197
251 197
252 197
253 197
254 197
295 197
296 197
297 197
298 197
299 197
300 197
301 197
302 197
303 197
304 197
305 197
306 197
317 197
320 197
354 197
355 197
356 197
357 197
420 197
421 197
422 197
94 198
95 198
137 198
139 198
140 198
167 198
201 198
202 198
203 198
204 198
205 198
255 198
256 198
257 198
258 198
259 198
260 198
261 198
262 198
263 198
264 198
265 198
266 198
267 198
268 198
269 198
270 198
271 198
272 198
273 198
274 198
275 198
276 198
277 198
278 198
279 198
280 198
281 198
282 198
283 198
284 198
285 198
286 198
290 198
291 198
292 198
293 198
294 198
316 198
317 198
321 198
351 198
352 198
353 198
411 198
417 198
418 198
419 198
420 198
94 199
136 199
137 199
141 199
142 199
143 199
144 199
163 199
166 199
167 199
168 199
169 199
170 199
171 199
172 199
173 199
206 199
207 199
208 199
209 199
210 199
211 199
212 199
220 199
221 199
256 199
286 199
287 199
288 199
321 199
322 199
383 199
384 199
407 199
411 199
412 199
413 199
414 199
415 199
416 199
31 200
32 200
94 200
144 200
145 200
146 200
162 200
174 200
213 200
214 200
215 200
216 200
217 200
218 200
219 200
287 200
322 200
383 200
407 200
413 200
32 201
33 201
92 201
93 201
94 201
95 201
147 201
148 201
149 201
161 201
162 201
220 201
221 201
222 201
223 201
320 201
321 201
322 201
374 201
375 201
376 201
377 201
378 201
379 201
380 201
383 201
384 201
407 201
408 201
33 202
34 202
35 202
37 202
38 202
39 202
40 202
91 202
92 202
95 202
149 202
150 202
151 202
161 202
323 202
371 202
372 202
373 202
381 202
384 202
405 202
406 202
35 203
36 203
37 203
90 203
91 203
96 203
97 203
151 203
152 203
153 203
154 203
160 203
366 203
367 203
368 203
369 203
370 203
381 203
385 203
401 203
402 203
403 203
404 203
42 204
43 204
44 204
98 204
99 204
100 204
155 204
156 204
157 204
158 204
160 204
361 204
362 204
363 204
364 204
365 204
385 204
398 204
399 204
400 204
42 205
44 205
45 205
46 205
100 205
101 205
158 205
159 205
190 205
191 205
194 205
195 205
196 205
197 205
198 205
199 205
200 205
201 205
357 205
358 205
359 205
360 205
361 205
385 205
386 205
393 205
394 205
395 205
396 205
397 205
43 206
47 206
48 206
52 206
102 206
103 206
104 206
108 206
159 206
164 206
165 206
189 206
190 206
193 206
194 206
350 206
355 206
356 206
386 206
390 206
391 206
392 206
48 207
51 207
52 207
104 207
105 207
109 207
148 207
149 207
159 207
165 207
166 207
167 207
168 207
169 207
189 207
193 207
210 207
211 207
212 207
213 207
214 207
215 207
344 207
345 207
346 207
347 207
348 207
349 207
351 207
352 207
387 207
388 207
389 207
49 208
50 208
106 208
107 208
110 208
111 208
150 208
151 208
170 208
171 208
172 208
173 208
189 208
216 208
217 208
218 208
219 208
220 208
221 208
336 208
337 208
338 208
339 208
340 208
341 208
342 208
343 208
352 208
107 209
108 209
109 209
113 209
152 209
153 209
174 209
175 209
176 209
188 209
221 209
330 209
331 209
332 209
333 209
334 209
335 209
380 209
381 209
109 210
110 210
111 210
112 210
113 210
154 210
177 210
178 210
179 210
180 210
188 210
221 210
315 210
316 210
318 210
319 210
325 210
326 210
327 210
328 210
329 210
374 210
375 210
376 210
377 210
378 210
379 210
48 211
114 211
181 211
182 211
183 211
184 211
188 211
220 211
221 211
306 211
307 211
308 211
309 211
310 211
311 211
312 211
313 211
314 211
317 211
320 211
324 211
369 211
370 211
371 211
372 211
373 211
47 212
48 212
114 212
115 212
185 212
186 212
187 212
192 212
220 212
298 212
299 212
300 212
301 212
302 212
303 212
304 212
305 212
321 212
324 212
364 212
365 212
366 212
367 212
368 212
27 213
28 213
46 213
115 213
116 213
187 213
192 213
193 213
194 213
220 213
321 213
324 213
359 213
360 213
361 213
362 213
363 213
26 214
30 214
116 214
195 214
196 214
197 214
198 214
199 214
200 214
219 214
321 214
6 215
25 215
26 215
30 215
31 215
116 215
201 215
202 215
203 215
204 215
205 215
206 215
321 215
29 216
31 216
32 216
40 216
207 216
208 216
209 216
210 216
211 216
32 217
33 217
34 217
40 217
212 217
213 217
214 217
215 217
216 217
217 217
218 217
219 217
223 217
224 217
34 218
35 218
36 218
37 218
40 218
143 218
225 218
226 218
227 218
228 218
229 218
230 218
253 218
35 219
40 219
48 219
145 219
146 219
231 219
232 219
233 219
234 219
235 219
236 219
237 219
238 219
239 219
253 219
41 220
49 220
51 220
147 220
148 220
240 220
241 220
242 220
243 220
244 220
245 220
246 220
247 220
248 220
249 220
250 220
251 220
252 220
41 221
50 221
52 221
148 221
149 221
41 222
52 222
150 222
50 223
51 223
151 223
449 223
450 223
451 223
452 223
453 223
454 223
455 223
456 223
457 223
458 223
459 223
460 223
461 223
462 223
463 223
464 223
441 224
442 224
443 224
444 224
445 224
446 224
447 224
448 224
497 224
26 225
27 225
434 225
435 225
436 225
437 225
438 225
439 225
440 225
498 225
499 225
500 225
27 226
429 226
430 226
431 226
432 226
433 226
500 226
501 226
502 226
503 226
504 226
28 227
424 227
425 227
426 227
427 227
428 227
505 227
506 227
507 227
508 227
509 227
28 228
421 228
422 228
423 228
510 228
511 228
512 228
28 229
418 229
419 229
420 229
513 229
514 229
515 229
414 230
415 230
416 230
417 230
516 230
517 230
518 230
519 230
520 230
521 230
412 231
413 231
414 231
522 231
523 231
524 231
525 231
409 232
410 232
411 232
526 232
527 232
528 232
407 233
408 233
529 233
530 233
531 233
532 233
404 234
405 234
406 234
533 234
534 234
535 234
536 234
402 235
403 235
404 235
536 235
537 235
538 235
400 236
401 236
402 236
538 236
539 236
540 236
398 237
399 237
541 237
542 237
543 237
544 237
397 238
398 238
544 238
545 238
546 238
394 239
395 239
396 239
547 239
548 239
549 239
393 240
394 240
470 240
471 240
472 240
473 240
474 240
475 240
549 240
550 240
551 240
392 241
393 241
471 241
542 241
551 241
552 241
553 241
390 242
391 242
542 242
554 242
555 242
556 242
388 243
389 243
390 243
530 243
541 243
556 243
557 243
558 243
387 244
388 244
422 244
423 244
531 244
532 244
533 244
534 244
540 244
541 244
559 244
560 244
561 244
386 245
387 245
421 245
521 245
522 245
527 245
535 245
536 245
537 245
539 245
540 245
561 245
562 245
563 245
384 246
385 246
386 246
420 246
523 246
524 246
525 246
526 246
537 246
538 246
539 246
564 246
565 246
384 247
420 247
522 247
540 247
565 247
566 247
567 247
382 248
383 248
384 248
523 248
524 248
567 248
568 248
381 249
382 249
569 249
570 249
571 249
380 250
381 250
571 250
572 250
573 250
379 251
380 251
574 251
575 251
378 252
379 252
575 252
576 252
577 252
377 253
406 253
552 253
553 253
554 253
578 253
579 253
376 254
405 254
547 254
554 254
569 254
570 254
579 254
580 254
375 255
376 255
404 255
547 255
554 255
555 255
571 255
572 255
580 255
581 255
582 255
374 256
375 256
403 256
548 256
549 256
550 256
554 256
570 256
573 256
583 256
584 256
373 257
374 257
402 257
550 257
551 257
552 257
553 257
573 257
584 257
585 257
372 258
373 258
557 258
558 258
559 258
560 258
561 258
586 258
587 258
372 259
557 259
561 259
587 259
588 259
589 259
11 260
371 260
372 260
557 260
558 260
559 260
561 260
562 260
589 260
590 260
12 261
13 261
370 261
371 261
560 261
563 261
591 261
592 261
10 262
11 262
369 262
370 262
592 262
593 262
369 263
594 263
368 264
369 264
368 265
576 265
367 266
577 266
366 267
367 267
392 267
578 267
365 268
366 268
391 268
392 268
403 268
404 268
572 268
579 268
580 268
365 269
391 269
402 269
573 269
365 270
390 270
574 270
575 270
364 271
390 271
575 271
576 271
577 271
578 271
579 271
363 272
364 272
389 272
391 272
363 273
399 273
363 274
396 274
397 274
398 274
362 275
397 275
398 275
401 275
503 275
588 275
589 275
590 275
362 276
398 276
399 276
400 276
489 276
490 276
504 276
505 276
590 276
151 277
361 277
362 277
397 277
487 277
488 277
590 277
151 278
152 278
361 278
396 278
397 278
486 278
152 279
361 279
396 279
485 279
486 279
361 280
395 280
485 280
160 281
161 281
360 281
395 281
485 281
162 282
163 282
357 282
358 282
360 282
389 282
484 282
163 283
164 283
359 283
360 283
387 283
388 283
389 283
483 283
164 284
388 284
483 284
164 285
384 285
385 285
386 285
388 285
390 285
483 285
594 285
164 286
384 286
389 286
483 286
164 287
384 287
165 288
383 288
384 288
390 288
391 288
483 288
484 288
485 288
486 288
487 288
488 288
165 289
356 289
357 289
383 289
390 289
392 289
483 289
498 289
358 290
383 290
390 290
392 290
482 290
483 290
498 290
357 291
483 291
485 291
499 291
357 292
483 292
484 292
499 292
357 293
485 293
486 293
500 293
358 294
484 294
501 294
358 295
484 295
485 295
501 295
502 295
358 296
392 296
485 296
486 296
503 296
358 297
392 297
486 297
487 297
504 297
505 297
357 298
392 298
487 298
505 298
506 298
357 299
392 299
487 299
488 299
489 299
507 299
508 299
509 299
357 300
488 300
489 300
509 300
511 300
512 300
356 301
376 301
489 301
490 301
509 301
511 301
513 301
515 301
516 301
517 301
520 301
521 301
356 302
376 302
490 302
491 302
509 302
517 302
241 303
242 303
243 303
356 303
376 303
491 303
492 303
501 303
244 304
245 304
246 304
356 304
378 304
492 304
493 304
500 304
503 304
510 304
356 305
377 305
493 305
494 305
500 305
502 305
503 305
510 305
526 305
356 306
377 306
397 306
398 306
399 306
400 306
495 306
496 306
502 306
509 306
527 306
356 307
377 307
378 307
384 307
401 307
496 307
497 307
498 307
502 307
509 307
527 307
356 308
383 308
384 308
395 308
400 308
499 308
500 308
509 308
528 308
356 309
383 309
390 309
391 309
392 309
393 309
394 309
396 309
501 309
509 309
529 309
356 310
383 310
390 310
393 310
396 310
502 310
503 310
505 310
509 310
529 310
356 311
383 311
390 311
391 311
393 311
504 311
505 311
509 311
530 311
357 312
391 312
393 312
506 312
509 312
510 312
513 312
528 312
529 312
357 313
391 313
393 313
511 313
512 313
513 313
357 314
356 315
357 315
355 316
356 316
353 317
354 317
355 317
351 318
352 318
356 318
357 318
350 319
351 319
357 319
308 320
348 320
349 320
357 320
309 321
310 321
311 321
312 321
313 321
317 321
318 321
319 321
320 321
321 321
322 321
348 321
357 321
35 322
36 322
314 322
315 322
316 322
325 322
358 322
32 323
33 323
34 323
36 323
326 323
358 323
32 324
35 324
36 324
326 324
327 324
328 324
358 324
32 325
33 325
34 325
329 325
330 325
331 325
351 325
353 325
354 325
355 325
358 325
382 325
331 326
332 326
333 326
334 326
336 326
337 326
338 326
351 326
352 326
355 326
359 326
382 326
335 327
354 327
359 327
382 327
397 327
337 328
359 328
380 328
382 328
398 328
360 329
381 329
383 329
398 329
399 329
25 330
339 330
340 330
360 330
379 330
380 330
21 331
22 331
23 331
25 331
26 331
101 331
102 331
340 331
341 331
360 331
380 331
397 331
398 331
23 332
26 332
27 332
103 332
341 332
360 332
392 332
393 332
398 332
401 332
