284 29
285 29
286 29
287 29
288 29
289 29
290 29
291 29
292 29
293 29
294 29
295 29
296 29
297 29
298 29
299 29
300 29
301 29
302 29
303 29
304 29
305 29
306 29
307 29
308 29
309 29
310 29
311 29
312 29
313 29
314 29
315 29
316 29
317 29
318 29
319 29
320 29
321 29
322 29
323 29
324 29
270 30
271 30
272 30
273 30
274 30
275 30
276 30
277 30
278 30
279 30
280 30
281 30
282 30
283 30
325 30
326 30
327 30
328 30
329 30
330 30
331 30
332 30
333 30
334 30
335 30
336 30
261 31
262 31
263 31
264 31
265 31
266 31
267 31
268 31
269 31
337 31
338 31
339 31
340 31
341 31
342 31
343 31
344 31
345 31
346 31
255 32
256 32
257 32
258 32
259 32
260 32
347 32
348 32
349 32
350 32
351 32
352 32
353 32
354 32
248 33
249 33
250 33
251 33
252 33
253 33
254 33
355 33
356 33
357 33
358 33
359 33
360 33
361 33
243 34
244 34
245 34
246 34
247 34
362 34
363 34
364 34
365 34
366 34
236 35
237 35
238 35
239 35
240 35
241 35
242 35
367 35
368 35
369 35
370 35
371 35
372 35
230 36
231 36
232 36
233 36
234 36
235 36
373 36
374 36
375 36
376 36
377 36
378 36
226 37
227 37
228 37
229 37
379 37
380 37
381 37
382 37
383 37
222 38
223 38
224 38
225 38
384 38
385 38
386 38
387 38
218 39
219 39
220 39
221 39
388 39
389 39
390 39
214 40
215 40
216 40
217 40
391 40
392 40
393 40
394 40
211 41
212 41
213 41
395 41
396 41
397 41
398 41
208 42
209 42
210 42
399 42
400 42
401 42
204 43
205 43
206 43
207 43
401 43
402 43
403 43
404 43
201 44
202 44
203 44
405 44
406 44
407 44
198 45
199 45
200 45
408 45
409 45
410 45
195 46
196 46
197 46
410 46
411 46
412 46
413 46
191 47
192 47
193 47
194 47
414 47
415 47
416 47
190 48
191 48
416 48
417 48
418 48
187 49
188 49
189 49
419 49
420 49
421 49
185 50
186 50
422 50
423 50
182 51
183 51
184 51
424 51
425 51
426 51
427 51
179 52
180 52
181 52
427 52
428 52
429 52
177 53
178 53
429 53
430 53
431 53
432 53
174 54
175 54
176 54
432 54
433 54
434 54
172 55
173 55
174 55
434 55
435 55
436 55
170 56
171 56
172 56
436 56
437 56
438 56
168 57
169 57
170 57
438 57
439 57
440 57
166 58
167 58
168 58
441 58
442 58
164 59
165 59
166 59
442 59
443 59
444 59
162 60
163 60
164 60
444 60
445 60
446 60
160 61
161 61
446 61
447 61
158 62
159 62
160 62
447 62
448 62
449 62
157 63
158 63
449 63
450 63
451 63
155 64
156 64
157 64
237 64
238 64
239 64
240 64
241 64
451 64
452 64
153 65
154 65
234 65
235 65
236 65
242 65
243 65
244 65
245 65
246 65
247 65
248 65
249 65
453 65
454 65
455 65
151 66
152 66
153 66
231 66
232 66
233 66
250 66
251 66
455 66
456 66
457 66
149 67
150 67
151 67
229 67
230 67
231 67
252 67
253 67
457 67
458 67
148 68
149 68
228 68
229 68
253 68
254 68
255 68
458 68
459 68
460 68
146 69
147 69
148 69
227 69
228 69
244 69
255 69
256 69
257 69
258 69
460 69
461 69
144 70
145 70
146 70
226 70
227 70
244 70
245 70
246 70
258 70
259 70
461 70
462 70
463 70
143 71
144 71
225 71
226 71
243 71
246 71
259 71
260 71
463 71
464 71
141 72
142 72
143 72
225 72
244 72
245 72
246 72
260 72
261 72
464 72
465 72
466 72
140 73
141 73
225 73
262 73
263 73
466 73
467 73
139 74
140 74
224 74
225 74
263 74
264 74
315 74
316 74
317 74
320 74
321 74
322 74
467 74
468 74
137 75
138 75
139 75
223 75
224 75
264 75
265 75
266 75
307 75
308 75
309 75
310 75
311 75
312 75
313 75
314 75
318 75
319 75
323 75
324 75
325 75
326 75
327 75
328 75
329 75
468 75
469 75
470 75
136 76
137 76
222 76
223 76
266 76
267 76
306 76
307 76
330 76
331 76
332 76
470 76
471 76
134 77
135 77
136 77
221 77
222 77
267 77
268 77
303 77
304 77
305 77
332 77
333 77
334 77
335 77
336 77
337 77
471 77
472 77
133 78
134 78
220 78
221 78
268 78
269 78
302 78
303 78
338 78
339 78
340 78
341 78
342 78
472 78
473 78
132 79
133 79
220 79
269 79
270 79
271 79
301 79
302 79
318 79
319 79
320 79
321 79
342 79
343 79
473 79
474 79
475 79
130 80
131 80
132 80
219 80
220 80
271 80
272 80
300 80
301 80
343 80
344 80
475 80
476 80
129 81
130 81
218 81
219 81
272 81
273 81
299 81
300 81
344 81
345 81
476 81
477 81
128 82
129 82
217 82
218 82
273 82
274 82
298 82
299 82
346 82
347 82
426 82
427 82
428 82
477 82
478 82
127 83
128 83
216 83
217 83
274 83
275 83
296 83
297 83
423 83
424 83
425 83
429 83
430 83
431 83
432 83
433 83
434 83
435 83
436 83
478 83
479 83
126 84
127 84
216 84
275 84
276 84
296 84
418 84
419 84
420 84
421 84
422 84
436 84
479 84
480 84
124 85
125 85
126 85
215 85
216 85
295 85
296 85
417 85
418 85
480 85
481 85
123 86
124 86
215 86
294 86
295 86
416 86
417 86
481 86
482 86
122 87
123 87
215 87
294 87
412 87
413 87
414 87
415 87
416 87
482 87
483 87
121 88
122 88
214 88
294 88
407 88
408 88
409 88
410 88
411 88
483 88
484 88
120 89
121 89
214 89
406 89
407 89
484 89
485 89
119 90
120 90
214 90
402 90
403 90
404 90
405 90
406 90
434 90
435 90
436 90
485 90
486 90
118 91
119 91
214 91
401 91
402 91
486 91
487 91
117 92
118 92
213 92
214 92
400 92
401 92
487 92
488 92
116 93
117 93
213 93
399 93
400 93
488 93
489 93
115 94
116 94
212 94
213 94
269 94
271 94
398 94
399 94
489 94
490 94
114 95
115 95
212 95
269 95
271 95
397 95
398 95
457 95
490 95
113 96
114 96
212 96
271 96
397 96
453 96
454 96
455 96
457 96
490 96
491 96
113 97
211 97
271 97
396 97
397 97
453 97
455 97
457 97
491 97
492 97
111 98
112 98
113 98
211 98
358 98
359 98
395 98
396 98
454 98
455 98
492 98
493 98
111 99
210 99
211 99
359 99
394 99
395 99
459 99
461 99
493 99
494 99
110 100
111 100
210 100
357 100
359 100
394 100
415 100
416 100
455 100
456 100
459 100
461 100
494 100
109 101
110 101
210 101
358 101
359 101
393 101
394 101
456 101
461 101
494 101
495 101
109 102
210 102
393 102
415 102
416 102
446 102
447 102
454 102
455 102
461 102
462 102
495 102
496 102
108 103
109 103
210 103
392 103
393 103
445 103
447 103
458 103
459 103
460 103
463 103
496 103
107 104
108 104
209 104
392 104
445 104
446 104
447 104
458 104
463 104
496 104
497 104
106 105
107 105
340 105
341 105
391 105
392 105
445 105
458 105
459 105
460 105
464 105
497 105
498 105
105 106
106 106
341 106
342 106
354 106
391 106
465 106
498 106
105 107
342 107
354 107
390 107
391 107
465 107
498 107
499 107
104 108
105 108
354 108
390 108
456 108
458 108
465 108
499 108
500 108
103 109
104 109
323 109
327 109
328 109
389 109
456 109
458 109
463 109
465 109
500 109
501 109
102 110
103 110
323 110
327 110
456 110
458 110
462 110
465 110
501 110
102 111
324 111
326 111
327 111
333 111
335 111
430 111
433 111
434 111
435 111
461 111
464 111
501 111
502 111
101 112
102 112
324 112
326 112
333 112
336 112
337 112
429 112
431 112
435 112
463 112
502 112
101 113
238 113
239 113
240 113
324 113
326 113
329 113
330 113
331 113
333 113
334 113
337 113
429 113
431 113
433 113
434 113
461 113
462 113
502 113
503 113
100 114
101 114
237 114
238 114
240 114
324 114
328 114
329 114
331 114
335 114
337 114
354 114
430 114
503 114
100 115
236 115
240 115
241 115
251 115
252 115
253 115
267 115
327 115
328 115
331 115
334 115
336 115
337 115
353 115
503 115
99 116
100 116
235 116
236 116
240 116
250 116
267 116
326 116
330 116
334 116
336 116
353 116
354 116
417 116
418 116
419 116
456 116
457 116
504 116
98 117
99 117
235 117
240 117
249 117
250 117
252 117
253 117
265 117
267 117
326 117
329 117
330 117
334 117
336 117
354 117
355 117
356 117
357 117
358 117
416 117
438 117
439 117
456 117
458 117
504 117
98 118
235 118
239 118
249 118
253 118
265 118
267 118
326 118
327 118
328 118
329 118
334 118
335 118
416 118
419 118
457 118
505 118
97 119
98 119
235 119
238 119
239 119
249 119
250 119
253 119
266 119
418 119
457 119
505 119
97 120
235 120
236 120
237 120
238 120
250 120
253 120
266 120
505 120
96 121
97 121
250 121
251 121
253 121
506 121
96 122
251 122
253 122
336 122
506 122
95 123
96 123
337 123
339 123
340 123
506 123
95 124
337 124
338 124
339 124
507 124
95 125
288 125
507 125
95 126
289 126
290 126
507 126
94 127
290 127
291 127
331 127
333 127
334 127
508 127
94 128
331 128
334 128
419 128
508 128
94 129
332 129
333 129
334 129
415 129
417 129
419 129
508 129
94 130
415 130
417 130
419 130
443 130
444 130
508 130
93 131
415 131
416 131
417 131
419 131
423 131
424 131
425 131
443 131
509 131
92 132
419 132
425 132
443 132
509 132
92 133
153 133
154 133
418 133
422 133
423 133
424 133
425 133
509 133
149 134
150 134
151 134
152 134
155 134
156 134
157 134
158 134
159 134
160 134
161 134
369 134
370 134
371 134
410 134
411 134
418 134
420 134
424 134
426 134
509 134
145 135
146 135
147 135
148 135
162 135
163 135
164 135
165 135
166 135
167 135
298 135
299 135
300 135
371 135
372 135
373 135
410 135
418 135
420 135
509 135
141 136
142 136
143 136
144 136
167 136
168 136
373 136
374 136
410 136
418 136
419 136
510 136
139 137
140 137
169 137
375 137
376 137
410 137
510 137
136 138
137 138
138 138
376 138
377 138
416 138
418 138
510 138
134 139
135 139
136 139
141 139
142 139
143 139
380 139
416 139
418 139
510 139
133 140
134 140
140 140
141 140
379 140
380 140
381 140
382 140
510 140
132 141
133 141
139 141
354 141
378 141
380 141
382 141
383 141
510 141
131 142
132 142
354 142
356 142
378 142
383 142
384 142
385 142
510 142
129 143
130 143
131 143
297 143
354 143
356 143
385 143
510 143
128 144
129 144
165 144
166 144
283 144
284 144
298 144
301 144
302 144
354 144
355 144
356 144
365 144
510 144
127 145
128 145
140 145
141 145
223 145
224 145
225 145
283 145
298 145
300 145
301 145
304 145
306 145
365 145
367 145
386 145
511 145
125 146
126 146
127 146
217 146
219 146
225 146
226 146
282 146
286 146
287 146
292 146
297 146
298 146
300 146
304 146
307 146
365 146
367 146
384 146
385 146
386 146
387 146
510 146
124 147
125 147
217 147
219 147
227 147
228 147
282 147
284 147
286 147
288 147
291 147
293 147
300 147
305 147
307 147
365 147
367 147
384 147
387 147
415 147
416 147
510 147
123 148
124 148
165 148
217 148
219 148
228 148
282 148
284 148
286 148
291 148
293 148
296 148
297 148
298 148
299 148
305 148
307 148
365 148
367 148
378 148
379 148
380 148
384 148
386 148
387 148
414 148
416 148
510 148
122 149
123 149
164 149
217 149
219 149
228 149
285 149
287 149
289 149
291 149
293 149
305 149
307 149
365 149
367 149
384 149
385 149
386 149
389 149
390 149
392 149
415 149
416 149
510 149
121 150
122 150
166 150
167 150
225 150
226 150
227 150
228 150
285 150
287 150
288 150
289 150
293 150
305 150
307 150
312 150
390 150
393 150
510 150
120 151
121 151
165 151
166 151
312 151
388 151
389 151
390 151
394 151
510 151
119 152
120 152
312 152
313 152
392 152
394 152
502 152
510 152
137 153
212 153
361 153
391 153
394 153
502 153
510 153
89 154
136 154
212 154
213 154
360 154
361 154
390 154
393 154
502 154
510 154
89 155
136 155
213 155
340 155
341 155
342 155
343 155
502 155
510 155
89 156
135 156
136 156
202 156
203 156
204 156
214 156
339 156
340 156
343 156
396 156
502 156
510 156
89 157
202 157
205 157
211 157
214 157
342 157
394 157
395 157
396 157
397 157
502 157
510 157
89 158
202 158
205 158
211 158
214 158
342 158
393 158
394 158
397 158
501 158
510 158
512 158
513 158
89 159
203 159
211 159
214 159
254 159
393 159
397 159
434 159
501 159
510 159
513 159
514 159
515 159
89 160
204 160
211 160
214 160
385 160
386 160
387 160
388 160
390 160
392 160
393 160
394 160
395 160
397 160
435 160
436 160
501 160
510 160
515 160
516 160
89 161
157 161
158 161
159 161
202 161
221 161
222 161
261 161
263 161
385 161
389 161
396 161
397 161
436 161
437 161
501 161
509 161
516 161
517 161
89 162
201 162
220 162
222 162
261 162
263 162
385 162
386 162
387 162
388 162
389 162
435 162
437 162
501 162
509 162
517 162
518 162
89 163
201 163
203 163
212 163
220 163
222 163
261 163
263 163
270 163
271 163
272 163
273 163
285 163
388 163
435 163
437 163
501 163
509 163
518 163
519 163
89 164
200 164
203 164
210 164
212 164
261 164
262 164
263 164
270 164
286 164
287 164
288 164
346 164
347 164
348 164
349 164
377 164
378 164
500 164
509 164
519 164
520 164
521 164
89 165
200 165
202 165
210 165
212 165
269 165
288 165
289 165
347 165
379 165
380 165
406 165
500 165
509 165
521 165
522 165
86 166
87 166
89 166
196 166
202 166
210 166
212 166
269 166
271 166
289 166
290 166
346 166
347 166
348 166
349 166
377 166
378 166
427 166
429 166
499 166
508 166
522 166
523 166
85 167
86 167
90 167
194 167
195 167
201 167
210 167
212 167
271 167
291 167
292 167
389 167
427 167
429 167
499 167
508 167
523 167
524 167
84 168
85 168
90 168
194 168
197 168
210 168
212 168
292 168
347 168
389 168
427 168
437 168
499 168
508 168
524 168
525 168
82 169
83 169
84 169
90 169
105 169
194 169
196 169
197 169
212 169
347 169
437 169
498 169
507 169
525 169
526 169
527 169
81 170
82 170
90 170
105 170
196 170
294 170
295 170
347 170
437 170
498 170
507 170
527 170
528 170
80 171
81 171
90 171
105 171
195 171
196 171
274 171
295 171
440 171
497 171
498 171
507 171
528 171
529 171
79 172
80 172
91 172
105 172
274 172
296 172
340 172
342 172
412 172
413 172
430 172
440 172
497 172
507 172
529 172
530 172
78 173
79 173
91 173
105 173
254 173
255 173
256 173
274 173
275 173
276 173
297 173
339 173
340 173
342 173
410 173
411 173
414 173
430 173
439 173
496 173
506 173
530 173
531 173
77 174
78 174
91 174
106 174
254 174
256 174
342 174
410 174
413 174
414 174
430 174
439 174
496 174
506 174
531 174
532 174
75 175
76 175
77 175
91 175
106 175
254 175
256 175
296 175
340 175
341 175
342 175
429 175
430 175
439 175
453 175
454 175
495 175
496 175
506 175
532 175
533 175
74 176
75 176
92 176
106 176
254 176
256 176
296 176
297 176
298 176
299 176
442 176
454 176
495 176
505 176
533 176
534 176
73 177
74 177
92 177
107 177
254 177
299 177
300 177
321 177
443 177
454 177
464 177
465 177
466 177
467 177
468 177
494 177
495 177
505 177
534 177
535 177
72 178
73 178
92 178
103 178
107 178
300 178
301 178
320 178
321 178
441 178
442 178
454 178
463 178
468 178
494 178
505 178
535 178
536 178
71 179
72 179
93 179
103 179
107 179
292 179
301 179
302 179
320 179
321 179
417 179
418 179
419 179
420 179
459 179
461 179
463 179
469 179
493 179
494 179
504 179
536 179
537 179
70 180
71 180
93 180
103 180
104 180
107 180
292 180
302 180
303 180
304 180
403 180
404 180
416 180
417 180
420 180
460 180
463 180
470 180
492 180
493 180
504 180
537 180
538 180
69 181
70 181
93 181
104 181
108 181
276 181
277 181
285 181
286 181
292 181
304 181
305 181
338 181
339 181
354 181
355 181
403 181
414 181
415 181
417 181
420 181
426 181
435 181
461 181
462 181
492 181
504 181
538 181
539 181
68 182
69 182
94 182
105 182
108 182
275 182
277 182
295 182
296 182
297 182
298 182
305 182
306 182
340 182
353 182
356 182
403 182
404 182
405 182
413 182
414 182
417 182
418 182
420 182
424 182
426 182
435 182
465 182
466 182
491 182
492 182
503 182
539 182
540 182
67 183
68 183
94 183
105 183
108 183
277 183
298 183
299 183
306 183
332 183
333 183
337 183
352 183
353 183
356 183
402 183
412 183
413 183
418 183
420 183
424 183
426 183
434 183
435 183
466 183
470 183
490 183
491 183
503 183
540 183
541 183
66 184
67 184
94 184
105 184
106 184
109 184
243 184
275 184
276 184
277 184
295 184
296 184
299 184
307 184
308 184
331 184
337 184
352 184
356 184
412 184
414 184
417 184
420 184
425 184
426 184
434 184
452 184
466 184
470 184
490 184
502 184
541 184
542 184
65 185
66 185
95 185
106 185
109 185
243 185
297 185
298 185
300 185
308 185
332 185
333 185
335 185
336 185
350 185
351 185
402 185
412 185
414 185
417 185
419 185
451 185
452 185
466 185
468 185
470 185
489 185
490 185
502 185
542 185
543 185
64 186
65 186
95 186
107 186
109 186
241 186
242 186
243 186
300 186
305 186
331 186
335 186
350 186
374 186
375 186
376 186
403 186
405 186
412 186
414 186
417 186
419 186
452 186
453 186
468 186
470 186
489 186
501 186
543 186
544 186
63 187
64 187
95 187
107 187
109 187
303 187
304 187
305 187
330 187
331 187
336 187
349 187
350 187
377 187
403 187
412 187
414 187
418 187
452 187
459 187
469 187
488 187
489 187
501 187
544 187
62 188
63 188
96 188
109 188
255 188
256 188
294 188
295 188
303 188
305 188
329 188
330 188
374 188
375 188
376 188
377 188
412 188
415 188
459 188
468 188
469 188
487 188
488 188
500 188
501 188
544 188
545 188
62 189
96 189
109 189
210 189
211 189
212 189
255 189
293 189
294 189
295 189
305 189
329 189
407 189
408 189
409 189
412 189
413 189
415 189
416 189
417 189
459 189
486 189
487 189
500 189
545 189
546 189
61 190
62 190
97 190
109 190
210 190
212 190
255 190
291 190
293 190
296 190
306 190
329 190
407 190
409 190
413 190
417 190
419 190
420 190
431 190
459 190
485 190
486 190
500 190
546 190
547 190
60 191
97 191
110 191
210 191
211 191
212 191
254 191
259 191
261 191
290 191
291 191
295 191
304 191
306 191
329 191
407 191
409 191
414 191
415 191
416 191
417 191
419 191
421 191
430 191
432 191
468 191
485 191
499 191
547 191
548 191
59 192
60 192
97 192
110 192
111 192
254 192
259 192
261 192
275 192
290 192
295 192
304 192
306 192
329 192
348 192
419 192
421 192
430 192
432 192
468 192
484 192
485 192
499 192
548 192
58 193
59 193
98 193
111 193
254 193
259 193
261 193
274 193
276 193
290 193
291 193
292 193
293 193
305 193
306 193
329 193
346 193
348 193
409 193
430 193
431 193
432 193
483 193
484 193
499 193
548 193
549 193
57 194
58 194
98 194
99 194
111 194
112 194
254 194
259 194
260 194
274 194
276 194
305 194
346 194
348 194
409 194
412 194
416 194
417 194
482 194
483 194
499 194
549 194
56 195
57 195
99 195
112 195
113 195
251 195
254 195
274 195
275 195
276 195
304 195
305 195
346 195
347 195
348 195
415 195
416 195
481 195
482 195
498 195
549 195
550 195
55 196
56 196
99 196
100 196
113 196
114 196
251 196
252 196
253 196
259 196
260 196
302 196
303 196
304 196
415 196
418 196
449 196
480 196
481 196
498 196
550 196
551 196
54 197
55 197
100 197
114 197
244 197
245 197
246 197
250 197
253 197
257 197
258 197
415 197
416 197
417 197
423 197
424 197
425 197
449 197
479 197
480 197
498 197
551 197
552 197
53 198
54 198
100 198
114 198
115 198
244 198
246 198
250 198
252 198
253 198
404 198
406 198
423 198
425 198
426 198
449 198
455 198
478 198
479 198
497 198
552 198
553 198
53 199
101 199
115 199
116 199
244 199
246 199
250 199
251 199
252 199
257 199
258 199
259 199
260 199
404 199
406 199
449 199
456 199
477 199
478 199
497 199
553 199
52 200
53 200
101 200
102 200
116 200
117 200
244 200
404 200
406 200
440 200
441 200
442 200
456 200
476 200
477 200
497 200
553 200
554 200
51 201
52 201
102 201
117 201
118 201
291 201
292 201
293 201
404 201
406 201
417 201
440 201
442 201
456 201
476 201
496 201
554 201
555 201
51 202
102 202
118 202
119 202
290 202
291 202
294 202
404 202
406 202
417 202
419 202
440 202
441 202
442 202
475 202
476 202
496 202
555 202
50 203
51 203
102 203
103 203
119 203
120 203
290 203
404 203
406 203
417 203
419 203
474 203
475 203
496 203
555 203
556 203
49 204
50 204
103 204
106 204
120 204
121 204
246 204
290 204
404 204
417 204
418 204
419 204
473 204
474 204
495 204
556 204
557 204
49 205
103 205
106 205
107 205
121 205
246 205
290 205
291 205
292 205
405 205
472 205
473 205
495 205
557 205
48 206
49 206
104 206
107 206
121 206
122 206
245 206
246 206
249 206
416 206
470 206
471 206
472 206
494 206
557 206
558 206
47 207
48 207
104 207
107 207
108 207
122 207
123 207
245 207
246 207
248 207
256 207
416 207
417 207
448 207
469 207
470 207
494 207
558 207
559 207
47 208
104 208
108 208
109 208
123 208
124 208
245 208
248 208
256 208
257 208
258 208
259 208
418 208
448 208
468 208
469 208
494 208
559 208
46 209
47 209
105 209
109 209
110 209
124 209
125 209
245 209
255 209
448 209
449 209
467 209
468 209
493 209
559 209
560 209
45 210
46 210
105 210
110 210
111 210
125 210
126 210
127 210
245 210
246 210
248 210
249 210
416 210
465 210
466 210
467 210
493 210
560 210
561 210
44 211
45 211
106 211
111 211
112 211
127 211
128 211
246 211
250 211
252 211
416 211
464 211
465 211
493 211
561 211
44 212
106 212
112 212
128 212
129 212
248 212
252 212
253 212
416 212
462 212
463 212
464 212
492 212
561 212
562 212
43 213
44 213
106 213
129 213
130 213
240 213
241 213
249 213
250 213
252 213
416 213
461 213
462 213
492 213
562 213
42 214
43 214
107 214
130 214
131 214
240 214
250 214
251 214
252 214
460 214
461 214
491 214
562 214
42 215
107 215
131 215
132 215
133 215
240 215
241 215
459 215
460 215
491 215
563 215
41 216
42 216
108 216
133 216
134 216
249 216
457 216
458 216
459 216
491 216
563 216
41 217
108 217
134 217
135 217
249 217
456 217
457 217
490 217
563 217
40 218
41 218
108 218
135 218
136 218
137 218
249 218
455 218
456 218
490 218
563 218
564 218
40 219
109 219
137 219
138 219
247 219
248 219
249 219
453 219
454 219
455 219
490 219
564 219
565 219
39 220
40 220
109 220
138 220
139 220
452 220
453 220
489 220
565 220
39 221
110 221
139 221
140 221
237 221
238 221
239 221
450 221
451 221
452 221
489 221
565 221
38 222
39 222
110 222
140 222
141 222
142 222
237 222
239 222
448 222
449 222
450 222
489 222
566 222
38 223
110 223
142 223
143 223
237 223
447 223
448 223
488 223
566 223
37 224
38 224
110 224
111 224
143 224
144 224
145 224
238 224
445 224
446 224
447 224
488 224
566 224
567 224
37 225
111 225
145 225
146 225
147 225
443 225
444 225
445 225
487 225
488 225
567 225
36 226
37 226
112 226
147 226
148 226
149 226
441 226
442 226
443 226
487 226
568 226
36 227
112 227
149 227
150 227
439 227
440 227
441 227
487 227
568 227
36 228
113 228
150 228
151 228
152 228
438 228
439 228
486 228
569 228
35 229
113 229
152 229
153 229
154 229
284 229
436 229
437 229
438 229
486 229
569 229
35 230
114 230
154 230
155 230
156 230
285 230
434 230
435 230
436 230
485 230
569 230
35 231
114 231
156 231
157 231
285 231
286 231
370 231
371 231
432 231
433 231
434 231
485 231
570 231
34 232
114 232
115 232
157 232
158 232
159 232
286 232
287 232
369 232
371 232
430 232
431 232
432 232
485 232
570 232
34 233
115 233
159 233
160 233
161 233
287 233
288 233
369 233
370 233
371 233
429 233
430 233
484 233
570 233
33 234
34 234
115 234
161 234
162 234
163 234
288 234
289 234
290 234
400 234
426 234
427 234
428 234
484 234
570 234
571 234
33 235
116 235
163 235
164 235
165 235
290 235
401 235
402 235
424 235
425 235
426 235
483 235
571 235
33 236
116 236
165 236
166 236
167 236
291 236
360 236
362 236
402 236
421 236
422 236
423 236
483 236
571 236
32 237
117 237
167 237
168 237
169 237
291 237
360 237
362 237
419 237
420 237
421 237
483 237
572 237
32 238
117 238
169 238
170 238
171 238
292 238
360 238
361 238
362 238
371 238
372 238
373 238
417 238
418 238
482 238
572 238
32 239
118 239
172 239
173 239
174 239
292 239
371 239
373 239
379 239
381 239
393 239
415 239
416 239
417 239
482 239
572 239
31 240
118 240
119 240
175 240
176 240
177 240
286 240
287 240
288 240
292 240
293 240
371 240
373 240
379 240
381 240
394 240
395 240
396 240
397 240
412 240
413 240
414 240
481 240
482 240
572 240
31 241
119 241
178 241
179 241
285 241
286 241
288 241
293 241
379 241
381 241
397 241
398 241
399 241
400 241
409 241
410 241
411 241
481 241
572 241
31 242
119 242
180 242
181 242
182 242
284 242
293 242
294 242
379 242
381 242
394 242
395 242
401 242
402 242
403 242
406 242
407 242
408 242
480 242
573 242
30 243
120 243
183 243
184 243
281 243
282 243
286 243
287 243
294 243
379 243
380 243
381 243
390 243
391 243
395 243
396 243
397 243
398 243
399 243
404 243
405 243
480 243
573 243
30 244
120 244
185 244
186 244
187 244
188 244
271 244
273 244
281 244
283 244
284 244
285 244
294 244
387 244
401 244
402 244
480 244
573 244
30 245
121 245
188 245
189 245
190 245
271 245
273 245
281 245
283 245
387 245
389 245
390 245
391 245
398 245
399 245
400 245
401 245
479 245
573 245
29 246
121 246
191 246
192 246
193 246
271 246
272 246
273 246
281 246
283 246
374 246
375 246
376 246
381 246
382 246
383 246
387 246
389 246
395 246
396 246
397 246
479 246
574 246
29 247
122 247
194 247
195 247
196 247
281 247
283 247
293 247
374 247
376 247
381 247
383 247
387 247
389 247
391 247
392 247
393 247
394 247
478 247
574 247
29 248
122 248
197 248
198 248
199 248
281 248
284 248
293 248
375 248
376 248
381 248
387 248
389 248
390 248
478 248
574 248
29 249
123 249
200 249
201 249
202 249
284 249
293 249
381 249
384 249
385 249
386 249
387 249
388 249
477 249
478 249
574 249
123 250
203 250
204 250
205 250
206 250
284 250
292 250
381 250
382 250
383 250
384 250
477 250
574 250
124 251
207 251
208 251
209 251
210 251
289 251
290 251
291 251
376 251
377 251
378 251
379 251
380 251
477 251
574 251
124 252
211 252
212 252
213 252
214 252
277 252
278 252
279 252
281 252
283 252
373 252
374 252
375 252
476 252
575 252
124 253
125 253
215 253
216 253
217 253
218 253
277 253
279 253
281 253
283 253
287 253
288 253
289 253
368 253
369 253
370 253
371 253
372 253
476 253
575 253
125 254
219 254
220 254
221 254
222 254
223 254
224 254
277 254
278 254
283 254
290 254
362 254
363 254
364 254
365 254
366 254
367 254
475 254
575 254
125 255
126 255
225 255
226 255
227 255
228 255
229 255
283 255
291 255
292 255
357 255
358 255
359 255
360 255
361 255
475 255
575 255
126 256
230 256
231 256
232 256
233 256
234 256
235 256
293 256
352 256
353 256
354 256
355 256
356 256
475 256
575 256
126 257
127 257
236 257
237 257
238 257
239 257
240 257
241 257
290 257
291 257
294 257
345 257
346 257
347 257
348 257
349 257
350 257
351 257
474 257
575 257
127 258
242 258
243 258
244 258
245 258
246 258
247 258
248 258
292 258
294 258
295 258
338 258
339 258
340 258
341 258
342 258
343 258
344 258
474 258
575 258
127 259
128 259
249 259
250 259
251 259
252 259
253 259
254 259
255 259
256 259
293 259
295 259
329 259
330 259
331 259
332 259
333 259
334 259
335 259
336 259
337 259
473 259
575 259
128 260
257 260
258 260
259 260
260 260
261 260
262 260
263 260
264 260
265 260
266 260
267 260
268 260
269 260
284 260
296 260
317 260
318 260
319 260
320 260
321 260
322 260
323 260
324 260
325 260
326 260
327 260
328 260
473 260
575 260
128 261
129 261
270 261
271 261
272 261
273 261
274 261
275 261
276 261
277 261
278 261
279 261
280 261
281 261
282 261
283 261
284 261
285 261
286 261
287 261
288 261
289 261
290 261
291 261
292 261
293 261
294 261
295 261
296 261
297 261
298 261
299 261
300 261
301 261
302 261
303 261
304 261
305 261
306 261
307 261
308 261
309 261
310 261
311 261
312 261
313 261
314 261
315 261
316 261
472 261
473 261
575 261
129 262
472 262
575 262
129 263
130 263
471 263
472 263
575 263
130 264
471 264
575 264
130 265
131 265
471 265
575 265
131 266
470 266
575 266
131 267
132 267
469 267
470 267
575 267
132 268
469 268
575 268
132 269
133 269
468 269
469 269
575 269
133 270
468 270
575 270
133 271
134 271
467 271
468 271
575 271
134 272
466 272
467 272
575 272
135 273
466 273
575 273
135 274
465 274
466 274
575 274
135 275
136 275
465 275
136 276
137 276
464 276
465 276
137 277
463 277
464 277
137 278
138 278
463 278
138 279
462 279
463 279
139 280
462 280
139 281
461 281
462 281
139 282
140 282
460 282
461 282
140 283
141 283
460 283
141 284
459 284
460 284
141 285
142 285
458 285
459 285
142 286
143 286
457 286
458 286
143 287
144 287
457 287
144 288
456 288
457 288
144 289
145 289
455 289
456 289
145 290
146 290
454 290
455 290
146 291
147 291
454 291
147 292
453 292
454 292
147 293
148 293
452 293
453 293
148 294
149 294
451 294
452 294
149 295
150 295
450 295
451 295
150 296
151 296
449 296
450 296
151 297
152 297
448 297
449 297
152 298
153 298
447 298
448 298
569 298
570 298
153 299
154 299
446 299
447 299
568 299
154 300
446 300
568 300
154 301
155 301
445 301
446 301
567 301
568 301
155 302
156 302
444 302
445 302
567 302
156 303
157 303
443 303
444 303
566 303
157 304
158 304
442 304
443 304
566 304
158 305
159 305
441 305
442 305
565 305
566 305
159 306
160 306
440 306
441 306
565 306
160 307
161 307
439 307
440 307
565 307
161 308
162 308
438 308
439 308
564 308
565 308
162 309
163 309
164 309
437 309
438 309
564 309
164 310
165 310
435 310
436 310
437 310
563 310
564 310
165 311
166 311
434 311
435 311
563 311
166 312
167 312
432 312
433 312
434 312
562 312
563 312
167 313
168 313
431 313
432 313
562 313
168 314
169 314
430 314
431 314
561 314
562 314
169 315
170 315
171 315
429 315
430 315
561 315
171 316
172 316
428 316
429 316
560 316
561 316
172 317
173 317
426 317
427 317
428 317
560 317
173 318
174 318
425 318
426 318
559 318
560 318
174 319
175 319
176 319
424 319
425 319
559 319
176 320
177 320
422 320
423 320
424 320
558 320
559 320
177 321
178 321
421 321
422 321
557 321
558 321
560 321
178 322
179 322
180 322
419 322
420 322
421 322
557 322
180 323
181 323
418 323
419 323
556 323
557 323
181 324
182 324
183 324
416 324
417 324
418 324
556 324
183 325
184 325
415 325
416 325
555 325
556 325
184 326
185 326
186 326
413 326
414 326
415 326
554 326
555 326
186 327
187 327
188 327
411 327
412 327
553 327
554 327
188 328
189 328
190 328
409 328
410 328
411 328
553 328
190 329
191 329
407 329
408 329
409 329
552 329
553 329
191 330
192 330
193 330
405 330
406 330
407 330
551 330
552 330
193 331
194 331
195 331
404 331
405 331
550 331
551 331
195 332
196 332
197 332
402 332
403 332
404 332
550 332
197 333
198 333
400 333
401 333
402 333
549 333
550 333
198 334
199 334
200 334
398 334
399 334
400 334
548 334
549 334
551 334
201 335
202 335
396 335
397 335
398 335
548 335
551 335
202 336
203 336
204 336
394 336
395 336
396 336
547 336
548 336
204 337
205 337
206 337
392 337
393 337
394 337
546 337
547 337
550 337
206 338
207 338
208 338
209 338
390 338
391 338
392 338
546 338
549 338
209 339
210 339
211 339
388 339
389 339
545 339
546 339
211 340
212 340
213 340
385 340
386 340
387 340
388 340
544 340
545 340
214 341
215 341
216 341
383 341
384 341
543 341
544 341
547 341
217 342
218 342
380 342
381 342
382 342
542 342
543 342
546 342
219 343
220 343
221 343
377 343
378 343
379 343
541 343
542 343
545 343
222 344
223 344
224 344
374 344
375 344
376 344
540 344
541 344
544 344
225 345
226 345
227 345
372 345
373 345
539 345
540 345
543 345
228 346
229 346
230 346
368 346
369 346
370 346
371 346
538 346
539 346
542 346
231 347
232 347
233 347
365 347
366 347
367 347
537 347
538 347
541 347
234 348
235 348
236 348
237 348
361 348
362 348
363 348
364 348
536 348
537 348
541 348
238 349
239 349
240 349
241 349
358 349
359 349
360 349
535 349
536 349
540 349
242 350
243 350
244 350
245 350
354 350
355 350
356 350
357 350
534 350
535 350
539 350
246 351
247 351
248 351
249 351
349 351
350 351
351 351
352 351
353 351
534 351
538 351
250 352
251 352
252 352
253 352
254 352
344 352
345 352
346 352
347 352
348 352
533 352
534 352
537 352
255 353
256 353
257 353
258 353
259 353
260 353
338 353
339 353
340 353
341 353
342 353
343 353
532 353
533 353
536 353
261 354
262 354
263 354
264 354
265 354
266 354
332 354
333 354
334 354
335 354
336 354
337 354
531 354
532 354
535 354
267 355
268 355
269 355
270 355
271 355
272 355
273 355
274 355
275 355
276 355
321 355
322 355
323 355
324 355
325 355
326 355
327 355
328 355
329 355
330 355
331 355
529 355
530 355
531 355
534 355
277 356
278 356
279 356
280 356
281 356
282 356
283 356
284 356
285 356
286 356
287 356
288 356
289 356
290 356
291 356
292 356
293 356
294 356
295 356
296 356
297 356
298 356
299 356
300 356
301 356
302 356
303 356
304 356
305 356
306 356
307 356
308 356
309 356
310 356
311 356
312 356
313 356
314 356
315 356
316 356
317 356
318 356
319 356
320 356
528 356
529 356
533 356
527 357
528 357
526 358
527 358
530 358
525 359
526 359
529 359
524 360
525 360
528 360
522 361
523 361
524 361
527 361
521 362
522 362
526 362
520 363
521 363
519 364
520 364
523 364
518 365
519 365
522 365
517 366
518 366
521 366
515 367
516 367
517 367
520 367
514 368
515 368
513 369
514 369
511 370
512 370
513 370
510 371
511 371
508 372
509 372
510 372
507 373
508 373
506 374
507 374
504 375
505 375
506 375
503 376
504 376
502 377
503 377
500 378
501 378
502 378
499 379
500 379
497 380
498 380
499 380
496 381
497 381
495 382
496 382
494 383
493 384
494 384
492 385
493 385
491 386
492 386
488 387
489 387
490 387
487 388
488 388
485 389
486 389
487 389
484 390
485 390
482 391
483 391
484 391
480 392
481 392
482 392
485 392
486 392
478 393
479 393
480 393
476 394
477 394
478 394
475 395
476 395
472 396
473 396
474 396
471 397
472 397
502 397
469 398
470 398
503 398
504 398
466 399
467 399
468 399
505 399
464 400
465 400
466 400
506 400
461 401
462 401
463 401
507 401
460 402
461 402
508 402
457 403
458 403
459 403
460 403
509 403
455 404
456 404
457 404
511 404
453 405
454 405
512 405
450 406
451 406
452 406
453 406
513 406
448 407
449 407
450 407
514 407
446 408
447 408
443 409
444 409
445 409
514 409
440 410
441 410
442 410
515 410
438 411
439 411
440 411
516 411
517 411
436 412
437 412
438 412
517 412
518 412
519 413
520 414
521 414
523 414
524 414
522 415
525 415
522 416
523 416
526 416
524 417
525 418
526 418
526 419
527 419
193 425
194 426
195 426
196 426
197 426
198 426
199 427
200 427
201 427
202 427
203 427
196 428
197 428
204 428
205 428
206 428
207 428
208 428
209 428
198 429
199 429
200 429
201 429
202 429
210 429
211 429
212 429
213 429
214 429
203 430
204 430
205 430
206 430
207 430
215 430
216 430
217 430
218 430
219 430
220 430
208 431
209 431
210 431
211 431
212 431
221 431
222 431
223 431
224 431
225 431
226 431
213 432
214 432
215 432
216 432
217 432
218 432
227 432
228 432
229 432
230 432
231 432
232 432
233 432
352 432
353 432
354 432
219 433
220 433
221 433
222 433
223 433
224 433
234 433
235 433
236 433
237 433
238 433
239 433
240 433
241 433
344 433
345 433
346 433
347 433
348 433
349 433
350 433
351 433
225 434
226 434
227 434
228 434
229 434
230 434
242 434
243 434
244 434
245 434
246 434
247 434
248 434
249 434
250 434
336 434
337 434
338 434
339 434
340 434
341 434
342 434
343 434
231 435
232 435
233 435
234 435
235 435
236 435
237 435
238 435
251 435
252 435
253 435
254 435
255 435
256 435
257 435
258 435
259 435
260 435
261 435
262 435
263 435
327 435
328 435
329 435
330 435
331 435
332 435
333 435
334 435
335 435
239 436
240 436
241 436
242 436
243 436
244 436
245 436
246 436
247 436
248 437
249 437
250 437
251 437
252 437
253 437
254 437
255 437
256 437
257 437
