207 5
210 5
211 5
391 5
392 5
395 5
206 6
207 6
209 6
210 6
390 6
391 6
394 6
205 7
206 7
209 7
389 7
393 7
204 8
205 8
208 8
387 8
388 8
391 8
392 8
203 9
204 9
207 9
386 9
387 9
390 9
391 9
202 10
203 10
206 10
385 10
386 10
389 10
390 10
201 11
202 11
205 11
206 11
384 11
385 11
388 11
389 11
200 12
201 12
204 12
205 12
383 12
384 12
387 12
388 12
199 13
200 13
203 13
204 13
382 13
383 13
386 13
387 13
173 14
174 14
175 14
199 14
202 14
203 14
381 14
382 14
385 14
386 14
172 15
197 15
198 15
201 15
202 15
380 15
381 15
384 15
171 16
174 16
175 16
197 16
200 16
201 16
379 16
380 16
383 16
173 17
174 17
200 17
378 17
382 17
171 18
172 18
199 18
200 18
377 18
380 18
381 18
170 19
171 19
198 19
199 19
376 19
379 19
380 19
167 20
169 20
170 20
198 20
374 20
375 20
378 20
379 20
166 21
169 21
197 21
198 21
373 21
374 21
377 21
378 21
165 22
168 22
192 22
196 22
197 22
372 22
373 22
376 22
377 22
165 23
167 23
190 23
191 23
194 23
195 23
196 23
371 23
372 23
375 23
376 23
166 24
167 24
189 24
190 24
193 24
370 24
371 24
374 24
375 24
165 25
166 25
188 25
189 25
192 25
369 25
370 25
373 25
164 26
165 26
187 26
188 26
191 26
192 26
368 26
369 26
372 26
187 27
190 27
367 27
368 27
371 27
176 28
178 28
186 28
189 28
366 28
370 28
176 29
178 29
185 29
188 29
365 29
368 29
369 29
176 30
178 30
184 30
187 30
363 30
364 30
367 30
368 30
178 31
186 31
362 31
363 31
366 31
367 31
185 32
361 32
362 32
365 32
366 32
158 33
159 33
184 33
191 33
360 33
361 33
364 33
365 33
157 34
158 34
183 34
191 34
359 34
360 34
363 34
364 34
157 35
167 35
168 35
179 35
180 35
181 35
182 35
183 35
191 35
358 35
359 35
362 35
363 35
154 36
156 36
166 36
176 36
178 36
181 36
182 36
191 36
357 36
358 36
361 36
153 37
156 37
165 37
168 37
176 37
177 37
178 37
181 37
191 37
356 37
357 37
360 37
152 38
155 38
167 38
169 38
170 38
181 38
355 38
359 38
152 39
166 39
170 39
180 39
354 39
357 39
358 39
153 40
154 40
162 40
165 40
166 40
170 40
179 40
180 40
352 40
353 40
356 40
357 40
153 41
162 41
164 41
167 41
178 41
179 41
351 41
352 41
355 41
356 41
150 42
152 42
161 42
165 42
166 42
167 42
177 42
350 42
351 42
354 42
355 42
151 43
152 43
162 43
164 43
167 43
177 43
349 43
350 43
353 43
354 43
150 44
151 44
162 44
163 44
164 44
170 44
171 44
176 44
178 44
348 44
349 44
352 44
353 44
150 45
158 45
159 45
160 45
165 45
166 45
170 45
171 45
176 45
347 45
348 45
351 45
352 45
149 46
157 46
158 46
162 46
167 46
169 46
170 46
176 46
346 46
347 46
350 46
148 47
149 47
156 47
157 47
162 47
166 47
167 47
170 47
173 47
176 47
345 47
346 47
349 47
145 48
147 48
148 48
156 48
162 48
165 48
166 48
168 48
172 48
176 48
344 48
345 48
348 48
144 49
147 49
160 49
161 49
164 49
165 49
172 49
175 49
343 49
347 49
143 50
154 50
157 50
158 50
159 50
163 50
164 50
172 50
175 50
179 50
180 50
342 50
345 50
346 50
142 51
143 51
153 51
156 51
157 51
162 51
172 51
175 51
179 51
340 51
341 51
344 51
345 51
141 52
153 52
157 52
161 52
162 52
171 52
175 52
179 52
180 52
181 52
339 52
340 52
343 52
344 52
140 53
141 53
152 53
153 53
154 53
155 53
157 53
160 53
161 53
170 53
172 53
175 53
178 53
338 53
339 53
342 53
343 53
154 54
155 54
160 54
169 54
172 54
175 54
176 54
177 54
178 54
337 54
338 54
341 54
342 54
153 55
156 55
157 55
159 55
160 55
167 55
168 55
172 55
174 55
336 55
337 55
340 55
341 55
154 56
155 56
156 56
158 56
159 56
167 56
175 56
176 56
177 56
192 56
335 56
336 56
339 56
158 57
166 57
172 57
174 57
178 57
192 57
334 57
335 57
338 57
157 58
165 58
166 58
172 58
174 58
177 58
192 58
333 58
334 58
337 58
151 59
152 59
153 59
156 59
157 59
164 59
165 59
172 59
174 59
177 59
192 59
332 59
336 59
154 60
155 60
156 60
163 60
164 60
174 60
177 60
191 60
331 60
334 60
335 60
152 61
155 61
163 61
171 61
174 61
177 61
191 61
329 61
330 61
333 61
334 61
153 62
154 62
155 62
156 62
161 62
162 62
171 62
174 62
177 62
328 62
329 62
332 62
333 62
151 63
154 63
156 63
157 63
160 63
167 63
168 63
174 63
177 63
188 63
190 63
327 63
328 63
331 63
332 63
151 64
152 64
153 64
154 64
157 64
158 64
160 64
167 64
171 64
174 64
177 64
187 64
188 64
190 64
326 64
327 64
330 64
331 64
159 65
167 65
168 65
169 65
171 65
173 65
177 65
187 65
189 65
325 65
326 65
329 65
330 65
156 66
171 66
173 66
176 66
189 66
277 66
278 66
279 66
280 66
281 66
282 66
283 66
284 66
285 66
289 66
290 66
324 66
325 66
328 66
329 66
155 67
156 67
171 67
173 67
176 67
186 67
188 67
270 67
271 67
272 67
273 67
274 67
275 67
276 67
288 67
290 67
291 67
323 67
324 67
327 67
153 68
154 68
155 68
171 68
173 68
176 68
186 68
188 68
266 68
267 68
268 68
269 68
270 68
277 68
278 68
279 68
280 68
281 68
282 68
283 68
284 68
285 68
286 68
288 68
292 68
322 68
326 68
153 69
156 69
171 69
173 69
185 69
187 69
262 69
263 69
264 69
265 69
272 69
273 69
274 69
275 69
276 69
289 69
290 69
320 69
321 69
325 69
153 70
156 70
171 70
173 70
184 70
187 70
261 70
262 70
267 70
268 70
269 70
270 70
271 70
291 70
318 70
319 70
320 70
323 70
324 70
150 71
153 71
154 71
155 71
156 71
171 71
173 71
184 71
186 71
257 71
258 71
259 71
260 71
263 71
264 71
265 71
266 71
271 71
292 71
317 71
318 71
322 71
323 71
125 72
150 72
153 72
154 72
156 72
171 72
173 72
183 72
186 72
256 72
261 72
262 72
271 72
293 72
314 72
315 72
316 72
322 72
121 73
122 73
123 73
124 73
150 73
170 73
185 73
255 73
258 73
259 73
260 73
261 73
271 73
314 73
321 73
322 73
121 74
150 74
156 74
170 74
173 74
184 74
256 74
257 74
271 74
313 74
314 74
320 74
321 74
120 75
123 75
124 75
150 75
151 75
155 75
156 75
157 75
158 75
159 75
171 75
173 75
183 75
184 75
254 75
255 75
256 75
271 75
313 75
319 75
320 75
119 76
122 76
125 76
126 76
151 76
152 76
154 76
155 76
160 76
161 76
171 76
173 76
182 76
252 76
255 76
271 76
313 76
318 76
319 76
118 77
121 77
127 77
128 77
129 77
152 77
153 77
162 77
171 77
173 77
246 77
250 77
251 77
271 77
312 77
313 77
317 77
318 77
117 78
120 78
130 78
131 78
162 78
171 78
173 78
243 78
244 78
245 78
248 78
249 78
271 78
311 78
312 78
316 78
317 78
116 79
117 79
119 79
120 79
132 79
133 79
161 79
172 79
174 79
242 79
243 79
247 79
271 79
310 79
311 79
315 79
116 80
119 80
134 80
135 80
136 80
172 80
174 80
241 80
245 80
246 80
271 80
308 80
309 80
314 80
315 80
115 81
118 81
137 81
138 81
172 81
175 81
240 81
243 81
244 81
271 81
307 81
311 81
314 81
114 82
117 82
139 82
140 82
141 82
172 82
173 82
175 82
238 82
239 82
242 82
271 82
306 82
309 82
310 82
313 82
314 82
114 83
116 83
117 83
142 83
143 83
173 83
176 83
237 83
238 83
241 83
271 83
305 83
308 83
309 83
311 83
313 83
116 84
144 84
145 84
174 84
176 84
177 84
236 84
237 84
240 84
271 84
303 84
304 84
307 84
311 84
313 84
146 85
147 85
148 85
174 85
177 85
235 85
236 85
303 85
306 85
311 85
313 85
149 86
150 86
175 86
178 86
235 86
302 86
305 86
151 87
152 87
153 87
176 87
178 87
179 87
234 87
288 87
289 87
299 87
300 87
303 87
304 87
154 88
155 88
179 88
180 88
234 88
236 88
286 88
287 88
290 88
291 88
292 88
293 88
299 88
301 88
303 88
156 89
157 89
158 89
180 89
233 89
236 89
285 89
298 89
299 89
301 89
302 89
303 89
159 90
160 90
180 90
181 90
182 90
233 90
235 90
284 90
287 90
289 90
296 90
297 90
298 90
302 90
161 91
162 91
163 91
182 91
183 91
233 91
235 91
283 91
286 91
287 91
289 91
290 91
297 91
300 91
301 91
302 91
311 91
164 92
165 92
232 92
234 92
282 92
283 92
286 92
287 92
290 92
300 92
312 92
166 93
167 93
232 93
233 93
234 93
281 93
282 93
285 93
289 93
290 93
299 93
300 93
312 93
168 94
169 94
170 94
280 94
284 94
288 94
299 94
171 95
172 95
279 95
283 95
284 95
286 95
288 95
298 95
299 95
173 96
174 96
175 96
278 96
279 96
281 96
282 96
283 96
285 96
288 96
290 96
291 96
292 96
297 96
298 96
176 97
177 97
277 97
278 97
281 97
287 97
288 97
290 97
293 97
296 97
297 97
300 97
301 97
302 97
312 97
314 97
178 98
179 98
180 98
276 98
277 98
281 98
285 98
286 98
287 98
295 98
296 98
299 98
302 98
312 98
315 98
181 99
182 99
275 99
276 99
278 99
281 99
284 99
285 99
290 99
292 99
293 99
300 99
302 99
313 99
315 99
183 100
184 100
185 100
274 100
278 100
279 100
280 100
284 100
292 100
294 100
296 100
300 100
303 100
313 100
315 100
186 101
187 101
188 101
273 101
276 101
277 101
278 101
282 101
283 101
289 101
292 101
294 101
296 101
299 101
300 101
301 101
303 101
188 102
189 102
272 102
275 102
276 102
279 102
282 102
291 102
294 102
296 102
299 102
301 102
303 102
314 102
316 102
189 103
190 103
272 103
274 103
275 103
276 103
280 103
281 103
282 103
288 103
289 103
290 103
293 103
294 103
296 103
299 103
301 103
303 103
316 103
190 104
191 104
195 104
196 104
272 104
274 104
277 104
279 104
280 104
288 104
296 104
299 104
302 104
304 104
316 104
99 105
100 105
191 105
192 105
194 105
197 105
198 105
272 105
274 105
278 105
279 105
287 105
288 105
295 105
299 105
302 105
304 105
315 105
100 106
101 106
192 106
193 106
198 106
199 106
274 106
277 106
278 106
286 106
294 106
296 106
299 106
302 106
304 106
102 107
103 107
104 107
193 107
194 107
196 107
200 107
273 107
276 107
277 107
285 107
294 107
297 107
299 107
302 107
304 107
98 108
103 108
194 108
197 108
198 108
276 108
284 108
285 108
290 108
291 108
292 108
297 108
299 108
302 108
304 108
98 109
103 109
108 109
109 109
195 109
198 109
199 109
201 109
202 109
268 109
269 109
270 109
275 109
276 109
283 109
284 109
290 109
297 109
299 109
302 109
304 109
96 110
97 110
98 110
106 110
107 110
110 110
196 110
202 110
203 110
207 110
208 110
209 110
267 110
268 110
271 110
273 110
274 110
282 110
283 110
291 110
292 110
297 110
299 110
302 110
304 110
396 110
397 110
101 111
103 111
104 111
105 111
108 111
111 111
197 111
198 111
200 111
203 111
207 111
210 111
211 111
267 111
274 111
281 111
282 111
287 111
288 111
289 111
297 111
299 111
302 111
304 111
388 111
389 111
390 111
391 111
392 111
393 111
398 111
399 111
97 112
100 112
103 112
107 112
109 112
111 112
198 112
208 112
212 112
213 112
267 112
269 112
274 112
275 112
279 112
280 112
290 112
297 112
299 112
302 112
304 112
381 112
382 112
383 112
384 112
385 112
386 112
387 112
394 112
395 112
396 112
399 112
97 113
99 113
102 113
107 113
110 113
111 113
199 113
200 113
208 113
214 113
215 113
216 113
267 113
269 113
272 113
273 113
279 113
288 113
289 113
297 113
299 113
302 113
304 113
376 113
377 113
378 113
388 113
389 113
390 113
391 113
392 113
393 113
397 113
400 113
98 114
99 114
101 114
102 114
107 114
114 114
200 114
201 114
209 114
217 114
218 114
267 114
269 114
270 114
271 114
272 114
276 114
277 114
279 114
284 114
285 114
286 114
287 114
297 114
299 114
302 114
304 114
371 114
372 114
373 114
374 114
382 114
383 114
384 114
385 114
386 114
387 114
398 114
400 114
401 114
434 114
435 114
101 115
107 115
113 115
114 115
201 115
202 115
209 115
219 115
220 115
221 115
275 115
278 115
287 115
297 115
299 115
302 115
304 115
368 115
369 115
370 115
377 115
399 115
401 115
433 115
434 115
100 116
101 116
105 116
106 116
113 116
114 116
123 116
124 116
125 116
126 116
202 116
203 116
206 116
210 116
222 116
223 116
274 116
275 116
278 116
279 116
280 116
281 116
285 116
286 116
297 116
299 116
302 116
304 116
366 116
367 116
372 116
373 116
399 116
401 116
432 116
433 116
98 117
99 117
101 117
104 117
105 117
114 117
123 117
127 117
128 117
129 117
203 117
204 117
207 117
210 117
224 117
225 117
226 117
273 117
274 117
282 117
283 117
284 117
297 117
299 117
302 117
304 117
364 117
365 117
368 117
369 117
370 117
371 117
431 117
432 117
435 117
95 118
97 118
103 118
104 118
123 118
130 118
131 118
177 118
178 118
204 118
205 118
208 118
227 118
228 118
271 118
272 118
297 118
299 118
302 118
305 118
362 118
363 118
367 118
400 118
429 118
430 118
434 118
95 119
97 119
102 119
103 119
122 119
132 119
133 119
134 119
178 119
179 119
205 119
206 119
209 119
224 119
226 119
229 119
230 119
231 119
271 119
274 119
297 119
299 119
302 119
305 119
361 119
364 119
365 119
366 119
400 119
426 119
427 119
428 119
429 119
432 119
433 119
96 120
102 120
122 120
135 120
136 120
137 120
179 120
180 120
206 120
207 120
209 120
210 120
224 120
226 120
232 120
233 120
271 120
272 120
274 120
297 120
299 120
303 120
305 120
359 120
360 120
363 120
400 120
424 120
425 120
426 120
431 120
432 120
94 121
98 121
99 121
101 121
102 121
122 121
138 121
139 121
207 121
210 121
211 121
224 121
226 121
234 121
235 121
269 121
272 121
273 121
274 121
297 121
299 121
303 121
305 121
358 121
362 121
400 121
422 121
423 121
424 121
430 121
431 121
95 122
96 122
100 122
101 122
121 122
140 122
141 122
142 122
208 122
211 122
212 122
224 122
226 122
236 122
237 122
269 122
297 122
299 122
303 122
305 122
357 122
360 122
361 122
422 122
429 122
430 122
99 123
100 123
108 123
121 123
143 123
144 123
209 123
212 123
213 123
224 123
226 123
237 123
238 123
239 123
240 123
269 123
297 123
299 123
303 123
305 123
355 123
356 123
359 123
360 123
422 123
428 123
429 123
99 124
107 124
108 124
120 124
145 124
146 124
147 124
210 124
213 124
214 124
223 124
225 124
269 124
270 124
277 124
278 124
297 124
303 124
305 124
354 124
355 124
358 124
422 124
427 124
428 124
98 125
99 125
106 125
107 125
120 125
148 125
149 125
211 125
214 125
215 125
216 125
223 125
225 125
270 125
275 125
276 125
278 125
279 125
299 125
303 125
305 125
353 125
357 125
422 125
426 125
427 125
97 126
98 126
105 126
106 126
119 126
150 126
151 126
152 126
212 126
216 126
217 126
223 126
225 126
270 126
271 126
272 126
273 126
274 126
275 126
280 126
281 126
282 126
283 126
298 126
300 126
304 126
306 126
355 126
356 126
420 126
421 126
422 126
424 126
425 126
426 126
97 127
105 127
118 127
119 127
153 127
154 127
213 127
214 127
217 127
218 127
221 127
223 127
225 127
298 127
300 127
304 127
306 127
351 127
353 127
354 127
402 127
419 127
420 127
423 127
424 127
98 128
103 128
104 128
105 128
118 128
155 128
156 128
157 128
215 128
218 128
219 128
222 128
223 128
225 128
281 128
282 128
298 128
304 128
307 128
350 128
353 128
402 128
418 128
422 128
424 128
425 128
96 129
97 129
99 129
102 129
103 129
110 129
111 129
112 129
117 129
118 129
158 129
159 129
216 129
219 129
220 129
225 129
226 129
236 129
280 129
281 129
298 129
300 129
305 129
307 129
315 129
349 129
352 129
402 129
416 129
417 129
420 129
422 129
425 129
426 129
95 130
96 130
99 130
100 130
101 130
102 130
109 130
110 130
113 130
114 130
115 130
116 130
117 130
160 130
161 130
162 130
216 130
217 130
220 130
221 130
227 130
228 130
236 130
298 130
300 130
305 130
308 130
314 130
348 130
351 130
352 130
402 130
415 130
419 130
423 130
426 130
95 131
98 131
99 131
101 131
102 131
108 131
109 131
163 131
164 131
165 131
217 131
218 131
222 131
229 131
230 131
236 131
278 131
279 131
280 131
298 131
300 131
306 131
308 131
314 131
347 131
350 131
351 131
402 131
413 131
414 131
417 131
418 131
424 131
426 131
95 132
97 132
103 132
104 132
105 132
106 132
107 132
108 132
166 132
167 132
219 132
220 132
223 132
231 132
232 132
233 132
236 132
280 132
281 132
282 132
283 132
298 132
300 132
306 132
309 132
314 132
316 132
349 132
350 132
402 132
412 132
416 132
426 132
96 133
97 133
168 133
169 133
170 133
220 133
221 133
224 133
225 133
234 133
235 133
236 133
284 133
285 133
286 133
287 133
298 133
300 133
307 133
309 133
314 133
316 133
347 133
348 133
402 133
411 133
414 133
415 133
171 134
172 134
218 134
222 134
225 134
226 134
287 134
288 134
298 134
300 134
307 134
309 134
313 134
345 134
347 134
395 134
396 134
397 134
402 134
408 134
410 134
413 134
414 134
425 134
427 134
173 135
174 135
175 135
188 135
213 135
219 135
223 135
227 135
288 135
289 135
290 135
300 135
308 135
310 135
313 135
315 135
344 135
346 135
393 135
394 135
398 135
399 135
406 135
407 135
409 135
412 135
413 135
425 135
427 135
176 136
177 136
189 136
214 136
219 136
224 136
225 136
228 136
291 136
292 136
300 136
301 136
308 136
310 136
313 136
315 136
343 136
346 136
393 136
396 136
405 136
406 136
410 136
411 136
425 136
427 136
178 137
179 137
180 137
189 137
214 137
220 137
226 137
229 137
272 137
273 137
274 137
293 137
294 137
295 137
299 137
301 137
308 137
310 137
314 137
315 137
342 137
345 137
391 137
392 137
395 137
397 137
403 137
404 137
405 137
409 137
427 137
181 138
182 138
190 138
215 138
220 138
227 138
230 138
271 138
275 138
276 138
277 138
295 138
296 138
297 138
301 138
308 138
310 138
312 138
314 138
341 138
344 138
390 138
391 138
394 138
395 138
397 138
404 138
408 138
409 138
426 138
428 138
183 139
184 139
190 139
215 139
221 139
228 139
271 139
278 139
279 139
297 139
298 139
301 139
308 139
310 139
314 139
341 139
343 139
389 139
390 139
393 139
394 139
395 139
407 139
408 139
426 139
428 139
184 140
185 140
186 140
191 140
215 140
216 140
221 140
229 140
271 140
280 140
281 140
282 140
298 140
299 140
300 140
302 140
303 140
307 140
309 140
313 140
341 140
388 140
389 140
393 140
396 140
406 140
407 140
426 140
428 140
186 141
191 141
192 141
216 141
221 141
222 141
271 141
283 141
284 141
301 141
303 141
304 141
307 141
309 141
313 141
387 141
391 141
392 141
395 141
406 141
429 141
84 142
85 142
86 142
87 142
186 142
193 142
216 142
217 142
222 142
235 142
271 142
285 142
286 142
305 142
306 142
307 142
309 142
385 142
386 142
389 142
390 142
394 142
395 142
398 142
406 142
427 142
429 142
84 143
187 143
192 143
194 143
195 143
217 143
222 143
223 143
236 143
237 143
287 143
288 143
289 143
308 143
309 143
384 143
389 143
394 143
396 143
397 143
399 143
400 143
403 143
404 143
406 143
427 143
429 143
84 144
87 144
187 144
193 144
196 144
197 144
198 144
217 144
218 144
223 144
237 144
238 144
290 144
291 144
308 144
311 144
383 144
389 144
393 144
394 144
397 144
403 144
406 144
407 144
427 144
428 144
429 144
83 145
87 145
188 145
193 145
199 145
200 145
218 145
224 145
238 145
239 145
292 145
293 145
294 145
307 145
311 145
312 145
313 145
314 145
382 145
385 145
387 145
388 145
392 145
393 145
399 145
400 145
401 145
407 145
408 145
428 145
430 145
83 146
86 146
87 146
188 146
194 146
201 146
202 146
203 146
218 146
224 146
239 146
240 146
295 146
296 146
307 146
314 146
315 146
316 146
317 146
380 146
381 146
384 146
385 146
391 146
392 146
399 146
402 146
408 146
82 147
83 147
86 147
88 147
188 147
189 147
194 147
204 147
205 147
219 147
225 147
236 147
237 147
240 147
241 147
297 147
298 147
299 147
306 147
318 147
319 147
379 147
383 147
384 147
390 147
391 147
399 147
402 147
403 147
404 147
406 147
408 147
429 147
431 147
81 148
82 148
85 148
86 148
88 148
189 148
195 148
206 148
207 148
208 148
219 148
225 148
236 148
238 148
241 148
242 148
300 148
301 148
305 148
320 148
321 148
379 148
381 148
382 148
384 148
389 148
390 148
397 148
398 148
404 148
406 148
408 148
429 148
431 148
80 149
81 149
84 149
85 149
190 149
195 149
209 149
210 149
220 149
226 149
236 149
239 149
242 149
302 149
322 149
323 149
324 149
379 149
381 149
387 149
388 149
389 149
394 149
395 149
396 149
397 149
399 149
400 149
401 149
404 149
406 149
408 149
429 149
431 149
79 150
80 150
83 150
84 150
85 150
190 150
196 150
211 150
212 150
213 150
220 150
221 150
226 150
236 150
240 150
243 150
303 150
305 150
306 150
324 150
325 150
326 150
379 150
380 150
381 150
385 150
386 150
387 150
394 150
401 150
404 150
407 150
409 150
429 150
431 150
78 151
79 151
82 151
85 151
190 151
196 151
214 151
215 151
216 151
221 151
227 151
236 151
241 151
244 151
302 151
304 151
305 151
307 151
308 151
309 151
326 151
327 151
328 151
329 151
384 151
385 151
392 151
393 151
394 151
401 151
404 151
407 151
409 151
430 151
432 151
77 152
78 152
81 152
85 152
191 152
197 152
217 152
218 152
221 152
227 152
236 152
241 152
242 152
245 152
301 152
302 152
304 152
310 152
311 152
329 152
330 152
384 152
391 152
392 152
400 152
401 152
404 152
407 152
409 152
430 152
432 152
77 153
80 153
85 153
191 153
192 153
197 153
214 153
216 153
218 153
221 153
227 153
235 153
242 153
243 153
245 153
246 153
301 153
304 153
312 153
313 153
331 153
332 153
383 153
391 153
400 153
401 153
404 153
407 153
409 153
432 153
76 154
79 154
80 154
85 154
192 154
198 154
214 154
217 154
228 154
235 154
243 154
246 154
247 154
301 154
303 154
314 154
315 154
316 154
333 154
334 154
335 154
373 154
374 154
375 154
376 154
380 154
381 154
382 154
383 154
389 154
390 154
397 154
398 154
399 154
400 154
404 154
408 154
410 154
431 154
433 154
75 155
78 155
79 155
192 155
198 155
213 155
216 155
219 155
220 155
221 155
228 155
235 155
244 155
247 155
248 155
301 155
303 155
317 155
318 155
335 155
336 155
337 155
373 155
376 155
377 155
378 155
388 155
389 155
397 155
399 155
404 155
408 155
410 155
431 155
433 155
74 156
77 156
78 156
193 156
198 156
213 156
216 156
218 156
219 156
222 156
229 156
235 156
245 156
248 156
300 156
303 156
319 156
320 156
338 156
339 156
340 156
373 156
375 156
381 156
386 156
387 156
388 156
398 156
399 156
404 156
406 156
408 156
410 156
431 156
433 156
73 157
74 157
76 157
77 157
193 157
199 157
213 157
215 157
218 157
222 157
224 157
229 157
235 157
246 157
249 157
273 157
300 157
302 157
320 157
340 157
341 157
342 157
373 157
375 157
380 157
381 157
385 157
386 157
394 157
395 157
396 157
404 157
406 157
408 157
410 157
431 157
433 157
72 158
73 158
76 158
194 158
199 158
213 158
216 158
217 158
219 158
222 158
224 158
230 158
235 158
246 158
247 158
249 158
250 158
255 158
271 158
273 158
300 158
302 158
319 158
320 158
342 158
343 158
344 158
345 158
369 158
370 158
371 158
372 158
373 158
375 158
378 158
384 158
385 158
394 158
404 158
406 158
408 158
410 158
431 158
433 158
72 159
75 159
194 159
200 159
215 159
216 159
221 159
222 159
225 159
230 159
231 159
235 159
247 159
250 159
251 159
255 159
271 159
273 159
300 159
302 159
318 159
319 159
325 159
326 159
327 159
328 159
345 159
346 159
347 159
373 159
376 159
377 159
381 159
382 159
383 159
390 159
391 159
392 159
395 159
404 159
406 159
408 159
410 159
433 159
71 160
74 160
195 160
200 160
210 160
213 160
214 160
219 160
220 160
221 160
225 160
231 160
235 160
248 160
251 160
252 160
255 160
261 160
271 160
273 160
299 160
302 160
318 160
324 160
325 160
329 160
330 160
348 160
349 160
380 160
381 160
383 160
384 160
385 160
390 160
393 160
404 160
406 160
409 160
411 160
70 161
73 161
74 161
195 161
201 161
210 161
212 161
213 161
215 161
218 161
219 161
226 161
231 161
235 161
249 161
252 161
255 161
261 161
271 161
273 161
299 161
301 161
317 161
318 161
324 161
331 161
332 161
333 161
349 161
350 161
351 161
352 161
370 161
371 161
372 161
373 161
379 161
380 161
385 161
386 161
387 161
391 161
404 161
406 161
409 161
411 161
433 161
69 162
72 162
73 162
196 162
201 162
210 162
212 162
215 162
217 162
218 162
226 162
232 162
235 162
250 162
253 162
255 162
261 162
271 162
273 162
299 162
301 162
316 162
323 162
324 162
334 162
335 162
352 162
353 162
354 162
355 162
373 162
378 162
379 162
388 162
389 162
390 162
391 162
404 162
406 162
409 162
411 162
431 162
433 162
68 163
71 163
72 163
196 163
202 163
210 163
211 163
212 163
213 163
217 163
225 163
232 163
235 163
251 163
254 163
271 163
273 163
299 163
301 163
315 163
316 163
323 163
336 163
337 163
338 163
355 163
356 163
357 163
373 163
377 163
378 163
404 163
406 163
409 163
411 163
431 163
433 163
67 164
68 164
70 164
71 164
197 164
202 164
210 164
211 164
215 164
216 164
224 164
225 164
233 164
235 164
251 164
252 164
254 164
255 164
271 164
273 164
299 164
301 164
315 164
339 164
340 164
358 164
359 164
373 164
377 164
405 164
407 164
409 164
411 164
431 164
433 164
66 165
67 165
70 165
197 165
203 165
213 165
214 165
215 165
223 165
224 165
233 165
234 165
252 165
255 165
256 165
271 165
273 165
299 165
301 165
314 165
321 165
322 165
341 165
342 165
360 165
361 165
362 165
372 165
373 165
378 165
379 165
405 165
407 165
409 165
411 165
430 165
66 166
69 166
198 166
203 166
211 166
213 166
222 166
234 166
253 166
256 166
273 166
298 166
301 166
313 166
314 166
321 166
323 166
343 166
344 166
345 166
362 166
363 166
364 166
373 166
375 166
376 166
380 166
381 166
406 166
409 166
411 166
430 166
432 166
65 167
68 167
198 167
203 167
204 167
213 167
221 167
222 167
234 167
236 167
254 167
256 167
257 167
273 167
298 167
301 167
302 167
303 167
306 167
313 167
323 167
346 167
347 167
365 167
366 167
372 167
373 167
375 167
381 167
406 167
409 167
411 167
430 167
432 167
64 168
67 168
68 168
199 168
204 168
212 168
213 168
220 168
221 168
230 168
234 168
235 168
236 168
254 168
257 168
258 168
273 168
298 168
305 168
306 168
307 168
312 168
320 168
321 168
322 168
348 168
349 168
350 168
367 168
368 168
369 168
371 168
372 168
375 168
376 168
381 168
406 168
409 168
411 168
429 168
432 168
63 169
66 169
67 169
199 169
205 169
211 169
219 169
220 169
228 169
230 169
235 169
255 169
258 169
259 169
273 169
298 169
305 169
311 169
312 169
351 169
352 169
370 169
376 169
377 169
381 169
385 169
407 169
411 169
429 169
431 169
62 170
65 170
66 170
199 170
200 170
205 170
211 170
218 170
219 170
228 170
230 170
236 170
256 170
259 170
273 170
298 170
302 170
305 170
306 170
310 170
311 170
353 170
354 170
377 170
378 170
379 170
380 170
381 170
382 170
383 170
384 170
386 170
387 170
407 170
411 170
428 170
430 170
431 170
61 171
62 171
64 171
65 171
200 171
206 171
211 171
216 171
217 171
218 171
227 171
230 171
231 171
236 171
257 171
260 171
273 171
298 171
301 171
302 171
306 171
309 171
310 171
355 171
356 171
357 171
378 171
388 171
389 171
407 171
408 171
412 171
427 171
430 171
60 172
61 172
64 172
206 172
209 172
210 172
212 172
216 172
226 172
231 172
237 172
257 172
258 172
260 172
261 172
273 172
296 172
297 172
298 172
301 172
305 172
306 172
309 172
358 172
359 172
389 172
408 172
410 172
412 172
426 172
427 172
429 172
430 172
60 173
63 173
206 173
208 173
212 173
213 173
214 173
216 173
223 173
224 173
225 173
226 173
237 173
258 173
261 173
273 173
295 173
296 173
298 173
301 173
360 173
361 173
362 173
377 173
378 173
379 173
383 173
384 173
385 173
387 173
388 173
389 173
410 173
412 173
426 173
428 173
429 173
59 174
62 174
208 174
211 174
212 174
214 174
215 174
222 174
223 174
226 174
227 174
228 174
229 174
231 174
238 174
259 174
262 174
273 174
274 174
295 174
301 174
363 174
364 174
379 174
380 174
381 174
386 174
409 174
412 174
425 174
428 174
58 175
61 175
62 175
208 175
209 175
211 175
215 175
216 175
217 175
218 175
219 175
220 175
221 175
230 175
231 175
238 175
260 175
262 175
263 175
275 175
276 175
301 175
365 175
366 175
367 175
382 175
383 175
384 175
385 175
410 175
412 175
424 175
427 175
57 176
60 176
61 176
209 176
210 176
239 176
260 176
263 176
264 176
277 176
278 176
279 176
301 176
368 176
369 176
386 176
387 176
410 176
412 176
423 176
426 176
56 177
59 177
60 177
209 177
239 177
261 177
264 177
280 177
281 177
297 177
298 177
299 177
301 177
370 177
371 177
372 177
388 177
389 177
390 177
391 177
410 177
412 177
414 177
421 177
422 177
425 177
55 178
56 178
58 178
59 178
209 178
240 178
262 178
265 178
282 178
283 178
284 178
296 178
297 178
299 178
301 178
303 178
313 178
373 178
374 178
391 178
392 178
393 178
410 178
412 178
414 178
415 178
417 178
419 178
420 178
421 178
424 178
54 179
55 179
58 179
209 179
240 179
262 179
263 179
285 179
286 179
295 179
296 179
299 179
301 179
302 179
303 179
304 179
312 179
375 179
376 179
394 179
395 179
396 179
410 179
412 179
413 179
418 179
423 179
54 180
57 180
210 180
237 180
240 180
263 180
264 180
266 180
287 180
288 180
289 180
295 180
300 180
377 180
378 180
379 180
396 180
410 180
412 180
414 180
415 180
416 180
417 180
418 180
420 180
421 180
422 180
53 181
56 181
201 181
210 181
237 181
238 181
241 181
264 181
267 181
290 181
291 181
294 181
295 181
300 181
303 181
304 181
310 181
311 181
380 181
381 181
395 181
396 181
410 181
412 181
52 182
55 182
56 182
200 182
212 182
238 182
241 182
264 182
265 182
267 182
292 182
293 182
300 182
303 182
309 182
310 182
312 182
313 182
314 182
382 182
383 182
384 182
394 182
395 182
410 182
412 182
51 183
54 183
55 183
199 183
202 183
212 183
238 183
239 183
242 183
265 183
268 183
299 183
300 183
303 183
309 183
314 183
315 183
385 183
386 183
392 183
393 183
394 183
410 183
412 183
50 184
53 184
54 184
196 184
197 184
198 184
201 184
212 184
239 184
242 184
266 184
268 184
300 184
301 184
303 184
308 184
309 184
316 184
317 184
318 184
387 184
388 184
389 184
391 184
392 184
410 184
412 184
49 185
50 185
52 185
53 185
87 185
89 185
195 185
196 185
198 185
201 185
212 185
239 185
243 185
266 185
269 185
301 185
304 185
307 185
308 185
318 185
319 185
320 185
321 185
390 185
391 185
410 185
412 185
48 186
49 186
52 186
86 186
89 186
195 186
198 186
199 186
200 186
213 186
240 186
243 186
267 186
269 186
298 186
299 186
302 186
304 186
307 186
321 186
322 186
323 186
324 186
409 186
411 186
48 187
51 187
85 187
88 187
194 187
195 187
200 187
213 187
240 187
241 187
244 187
267 187
269 187
298 187
302 187
305 187
307 187
324 187
325 187
409 187
411 187
47 188
50 188
87 188
194 188
198 188
199 188
200 188
213 188
214 188
241 188
244 188
245 188
268 188
270 188
297 188
298 188
302 188
303 188
305 188
308 188
309 188
326 188
327 188
328 188
409 188
411 188
46 189
49 189
50 189
86 189
193 189
194 189
197 189
198 189
214 189
241 189
245 189
268 189
270 189
296 189
297 189
303 189
306 189
310 189
311 189
312 189
329 189
330 189
331 189
332 189
409 189
411 189
45 190
48 190
49 190
192 190
193 190
196 190
197 190
215 190
241 190
242 190
245 190
269 190
271 190
295 190
296 190
301 190
303 190
304 190
306 190
313 190
314 190
332 190
333 190
409 190
411 190
44 191
45 191
47 191
48 191
190 191
191 191
195 191
196 191
215 191
242 191
246 191
269 191
271 191
295 191
301 191
304 191
306 191
314 191
315 191
333 191
334 191
335 191
336 191
338 191
409 191
411 191
43 192
44 192
47 192
189 192
190 192
193 192
194 192
216 192
242 192
243 192
246 192
269 192
272 192
294 192
295 192
300 192
303 192
307 192
314 192
316 192
317 192
318 192
319 192
320 192
335 192
336 192
337 192
338 192
339 192
409 192
411 192
42 193
43 193
46 193
188 193
189 193
192 193
193 193
201 193
202 193
203 193
216 193
243 193
247 193
270 193
272 193
293 193
294 193
299 193
300 193
302 193
305 193
307 193
314 193
316 193
321 193
322 193
340 193
408 193
410 193
42 194
45 194
187 194
188 194
191 194
201 194
203 194
216 194
244 194
247 194
270 194
272 194
273 194
292 194
293 194
298 194
299 194
302 194
305 194
308 194
324 194
325 194
341 194
342 194
343 194
344 194
408 194
410 194
41 195
44 195
186 195
187 195
190 195
201 195
202 195
217 195
244 195
247 195
248 195
271 195
273 195
292 195
298 195
301 195
306 195
308 195
317 195
320 195
324 195
326 195
344 195
345 195
352 195
410 195
40 196
43 196
44 196
185 196
186 196
189 196
217 196
244 196
245 196
248 196
271 196
273 196
291 196
292 196
297 196
300 196
306 196
309 196
317 196
319 196
320 196
322 196
323 196
326 196
329 196
346 196
347 196
348 196
351 196
407 196
409 196
39 197
42 197
43 197
184 197
185 197
188 197
218 197
245 197
249 197
272 197
274 197
290 197
291 197
297 197
299 197
300 197
307 197
309 197
318 197
319 197
322 197
326 197
329 197
349 197
350 197
351 197
352 197
406 197
409 197
38 198
41 198
42 198
183 198
184 198
187 198
218 198
219 198
246 198
249 198
272 198
274 198
289 198
290 198
296 198
299 198
307 198
309 198
316 198
321 198
326 198
328 198
329 198
331 198
352 198
353 198
354 198
406 198
408 198
409 198
37 199
38 199
40 199
41 199
182 199
183 199
186 199
214 199
219 199
246 199
249 199
250 199
273 199
275 199
289 199
295 199
298 199
308 199
310 199
315 199
321 199
324 199
325 199
326 199
331 199
333 199
334 199
335 199
336 199
337 199
354 199
355 199
405 199
408 199
37 200
40 200
181 200
182 200
185 200
214 200
219 200
246 200
247 200
250 200
273 200
275 200
288 200
289 200
294 200
295 200
297 200
308 200
310 200
314 200
318 200
320 200
323 200
324 200
331 200
332 200
333 200
337 200
356 200
357 200
358 200
367 200
403 200
404 200
407 200
36 201
39 201
180 201
181 201
184 201
214 201
220 201
247 201
251 201
273 201
287 201
288 201
294 201
297 201
308 201
311 201
313 201
314 201
317 201
318 201
319 201
322 201
323 201
331 201
336 201
337 201
359 201
360 201
361 201
367 201
401 201
402 201
406 201
35 202
38 202
179 202
180 202
183 202
215 202
220 202
247 202
248 202
251 202
274 202
276 202
287 202
293 202
296 202
309 202
311 202
313 202
316 202
317 202
319 202
321 202
322 202
330 202
332 202
343 202
344 202
345 202
362 202
363 202
367 202
397 202
398 202
399 202
400 202
404 202
405 202
34 203
37 203
38 203
178 203
179 203
182 203
215 203
221 203
248 203
252 203
274 203
276 203
286 203
287 203
292 203
293 203
295 203
296 203
309 203
311 203
315 203
316 203
320 203
321 203
328 203
329 203
330 203
342 203
346 203
347 203
363 203
364 203
365 203
366 203
394 203
395 203
396 203
401 203
402 203
403 203
33 204
36 204
37 204
177 204
178 204
181 204
216 204
221 204
248 204
249 204
252 204
274 204
277 204
285 204
286 204
291 204
292 204
295 204
310 204
312 204
314 204
316 204
318 204
319 204
320 204
327 204
328 204
342 204
348 204
349 204
350 204
392 204
393 204
398 204
399 204
400 204
32 205
33 205
35 205
36 205
176 205
177 205
180 205
216 205
221 205
222 205
249 205
253 205
274 205
277 205
284 205
285 205
291 205
294 205
310 205
312 205
317 205
318 205
326 205
327 205
333 205
334 205
342 205
351 205
352 205
353 205
365 205
366 205
390 205
391 205
395 205
396 205
31 206
32 206
35 206
175 206
176 206
179 206
216 206
222 206
249 206
250 206
253 206
275 206
277 206
284 206
290 206
293 206
310 206
312 206
316 206
317 206
325 206
334 206
341 206
354 206
355 206
364 206
365 206
387 206
388 206
389 206
392 206
393 206
394 206
31 207
34 207
174 207
175 207
178 207
217 207
223 207
250 207
253 207
275 207
278 207
283 207
284 207
289 207
290 207
292 207
293 207
310 207
312 207
314 207
315 207
316 207
323 207
324 207
330 207
331 207
334 207
335 207
341 207
356 207
357 207
363 207
364 207
386 207
387 207
390 207
391 207
392 207
30 208
33 208
173 208
177 208
217 208
223 208
250 208
251 208
254 208
274 208
276 208
278 208
282 208
283 208
288 208
289 208
292 208
310 208
312 208
314 208
316 208
322 208
323 208
330 208
332 208
341 208
358 208
359 208
360 208
361 208
362 208
363 208
384 208
385 208
388 208
389 208
390 208
29 209
32 209
172 209
173 209
175 209
176 209
218 209
224 209
251 209
254 209
255 209
274 209
276 209
278 209
282 209
288 209
291 209
310 209
312 209
314 209
321 209
322 209
330 209
331 209
332 209
333 209
340 209
383 209
384 209
387 209
28 210
31 210
32 210
171 210
175 210
211 210
213 210
218 210
224 210
251 210
252 210
255 210
274 210
276 210
278 210
281 210
282 210
287 210
288 210
290 210
310 210
312 210
314 210
319 210
320 210
327 210
328 210
329 210
332 210
339 210
340 210
382 210
385 210
386 210
27 211
30 211
31 211
170 211
173 211
174 211
211 211
213 211
219 211
225 211
252 211
274 211
278 211
281 211
286 211
287 211
290 211
310 211
315 211
319 211
327 211
331 211
332 211
339 211
381 211
384 211
26 212
27 212
29 212
30 212
169 212
172 212
173 212
211 212
213 212
219 212
225 212
252 212
253 212
274 212
277 212
279 212
286 212
289 212
310 212
315 212
316 212
317 212
318 212
319 212
325 212
326 212
327 212
328 212
330 212
331 212
338 212
339 212
380 212
383 212
25 213
26 213
29 213
168 213
171 213
172 213
211 213
213 213
220 213
225 213
253 213
277 213
279 213
285 213
288 213
289 213
310 213
314 213
315 213
319 213
324 213
325 213
331 213
337 213
338 213
380 213
382 213
383 213
25 214
28 214
167 214
170 214
171 214
197 214
199 214
220 214
226 214
253 214
254 214
277 214
279 214
284 214
285 214
287 214
288 214
309 214
310 214
312 214
313 214
314 214
319 214
320 214
321 214
322 214
323 214
324 214
331 214
332 214
333 214
336 214
337 214
379 214
382 214
24 215
27 215
166 215
169 215
170 215
197 215
199 215
221 215
226 215
254 215
277 215
279 215
284 215
287 215
310 215
312 215
334 215
335 215
336 215
379 215
381 215
23 216
26 216
165 216
168 216
169 216
197 216
199 216
211 216
212 216
221 216
227 216
254 216
277 216
279 216
283 216
286 216
310 216
312 216
327 216
328 216
329 216
330 216
331 216
332 216
378 216
380 216
22 217
25 217
26 217
164 217
167 217
168 217
197 217
199 217
210 217
212 217
221 217
222 217
227 217
254 217
255 217
273 217
277 217
279 217
282 217
283 217
285 217
286 217
309 217
312 217
324 217
325 217
326 217
332 217
333 217
378 217
380 217
21 218
24 218
25 218
163 218
166 218
167 218
197 218
199 218
210 218
212 218
222 218
228 218
255 218
256 218
271 218
272 218
273 218
275 218
277 218
279 218
282 218
285 218
307 218
309 218
311 218
322 218
323 218
324 218
328 218
329 218
330 218
334 218
378 218
380 218
20 219
21 219
23 219
24 219
162 219
165 219
166 219
197 219
199 219
210 219
211 219
212 219
223 219
228 219
256 219
271 219
273 219
274 219
275 219
277 219
280 219
284 219
306 219
309 219
311 219
321 219
322 219
326 219
331 219
332 219
335 219
377 219
379 219
19 220
20 220
23 220
161 220
164 220
165 220
223 220
229 220
256 220
257 220
260 220
270 220
271 220
273 220
277 220
280 220
283 220
305 220
309 220
311 220
319 220
320 220
324 220
325 220
332 220
333 220
335 220
377 220
379 220
19 221
22 221
160 221
163 221
164 221
211 221
224 221
229 221
257 221
260 221
268 221
277 221
280 221
283 221
304 221
309 221
311 221
318 221
319 221
322 221
323 221
333 221
335 221
377 221
379 221
18 222
21 222
159 222
162 222
163 222
209 222
211 222
224 222
230 222
257 222
261 222
268 222
277 222
279 222
282 222
297 222
298 222
299 222
300 222
301 222
303 222
309 222
311 222
317 222
321 222
322 222
333 222
335 222
376 222
378 222
17 223
20 223
158 223
161 223
162 223
209 223
211 223
225 223
230 223
257 223
258 223
261 223
267 223
268 223
277 223
279 223
296 223
297 223
301 223
302 223
309 223
311 223
316 223
317 223
320 223
333 223
336 223
376 223
378 223
16 224
19 224
20 224
157 224
160 224
161 224
209 224
211 224
225 224
231 224
258 224
262 224
267 224
277 224
279 224
296 224
302 224
309 224
312 224
316 224
319 224
334 224
336 224
375 224
378 224
15 225
18 225
19 225
156 225
159 225
160 225
225 225
231 225
258 225
259 225
262 225
267 225
277 225
279 225
295 225
296 225
301 225
302 225
310 225
312 225
316 225
318 225
334 225
336 225
375 225
377 225
14 226
15 226
17 226
18 226
155 226
158 226
159 226
208 226
210 226
226 226
232 226
259 226
263 226
267 226
277 226
279 226
280 226
281 226
295 226
300 226
301 226
310 226
312 226
315 226
317 226
334 226
337 226
374 226
377 226
13 227
14 227
17 227
154 227
157 227
158 227
208 227
209 227
210 227
226 227
232 227
260 227
263 227
267 227
277 227
280 227
282 227
283 227
294 227
295 227
299 227
300 227
310 227
312 227
315 227
317 227
334 227
335 227
338 227
374 227
376 227
377 227
13 228
16 228
153 228
156 228
157 228
227 228
232 228
233 228
257 228
260 228
264 228
267 228
268 228
277 228
283 228
292 228
293 228
297 228
298 228
299 228
303 228
305 228
310 228
315 228
317 228
335 228
336 228
338 228
374 228
376 228
12 229
15 229
151 229
152 229
155 229
156 229
206 229
227 229
233 229
257 229
258 229
261 229
264 229
267 229
276 229
279 229
283 229
291 229
292 229
295 229
296 229
303 229
305 229
311 229
313 229
316 229
336 229
339 229
373 229
375 229
11 230
14 230
15 230
150 230
151 230
154 230
205 230
228 230
233 230
234 230
258 230
261 230
265 230
275 230
276 230
278 230
279 230
282 230
290 230
291 230
294 230
295 230
303 230
305 230
311 230
313 230
316 230
337 230
339 230
372 230
373 230
375 230
10 231
13 231
14 231
149 231
150 231
153 231
205 231
207 231
228 231
234 231
258 231
261 231
262 231
265 231
275 231
278 231
280 231
282 231
289 231
290 231
293 231
303 231
305 231
311 231
316 231
337 231
340 231
372 231
375 231
9 232
12 232
13 232
148 232
149 232
152 232
204 232
206 232
229 232
234 232
259 232
262 232
265 232
274 232
275 232
277 232
280 232
282 232
288 232
289 232
303 232
305 232
311 232
316 232
337 232
338 232
340 232
341 232
342 232
343 232
344 232
346 232
347 232
348 232
371 232
374 232
8 233
9 233
11 233
12 233
147 233
148 233
151 233
203 233
206 233
229 233
235 233
259 233
262 233
263 233
265 233
271 233
274 233
277 233
280 233
282 233
285 233
286 233
287 233
288 233
292 233
293 233
294 233
295 233
296 233
297 233
298 233
300 233
302 233
303 233
312 233
316 233
337 233
345 233
349 233
350 233
369 233
370 233
373 233
7 234
8 234
11 234
146 234
147 234
150 234
205 234
230 234
235 234
260 234
263 234
265 234
271 234
274 234
277 234
280 234
283 234
284 234
301 234
303 234
304 234
305 234
306 234
307 234
312 234
316 234
335 234
336 234
337 234
338 234
350 234
351 234
368 234
372 234
7 235
10 235
145 235
146 235
149 235
204 235
230 235
235 235
261 235
267 235
268 235
270 235
273 235
277 235
280 235
287 235
288 235
289 235
290 235
291 235
292 235
293 235
294 235
295 235
296 235
297 235
299 235
308 235
309 235
310 235
311 235
312 235
316 235
333 235
334 235
341 235
342 235
343 235
351 235
364 235
365 235
366 235
370 235
371 235
6 236
9 236
144 236
145 236
148 236
231 236
235 236
261 236
266 236
268 236
269 236
270 236
273 236
277 236
280 236
286 236
287 236
298 236
300 236
301 236
302 236
303 236
304 236
305 236
317 236
331 236
332 236
336 236
337 236
338 236
339 236
340 236
344 236
345 236
346 236
352 236
361 236
362 236
367 236
368 236
369 236
370 236
5 237
8 237
143 237
144 237
147 237
231 237
235 237
266 237
269 237
273 237
277 237
280 237
285 237
286 237
306 237
307 237
308 237
309 237
310 237
311 237
317 237
330 237
334 237
335 237
347 237
348 237
349 237
352 237
353 237
355 237
356 237
357 237
359 237
363 237
364 237
365 237
366 237
7 238
8 238
142 238
143 238
146 238
232 238
234 238
266 238
267 238
273 238
277 238
280 238
284 238
285 238
312 238
313 238
317 238
329 238
332 238
333 238
349 238
354 238
358 238
360 238
361 238
362 238
6 239
7 239
141 239
142 239
145 239
232 239
260 239
261 239
262 239
267 239
273 239
277 239
279 239
280 239
282 239
283 239
284 239
313 239
314 239
317 239
328 239
331 239
332 239
342 239
343 239
344 239
346 239
347 239
355 239
359 239
5 240
6 240
140 240
141 240
144 240
233 240
262 240
263 240
267 240
273 240
277 240
279 240
282 240
314 240
317 240
327 240
328 240
330 240
331 240
334 240
337 240
338 240
341 240
345 240
348 240
350 240
356 240
357 240
5 241
139 241
140 241
143 241
233 241
263 241
264 241
267 241
274 241
276 241
281 241
302 241
314 241
317 241
326 241
327 241
330 241
333 241
335 241
339 241
340 241
342 241
343 241
344 241
346 241
347 241
350 241
353 241
354 241
358 241
359 241
138 242
139 242
142 242
233 242
234 242
264 242
265 242
266 242
267 242
272 242
274 242
276 242
279 242
280 242
302 242
315 242
318 242
325 242
326 242
330 242
334 242
336 242
337 242
338 242
341 242
350 242
352 242
355 242
356 242
360 242
137 243
141 243
234 243
272 243
278 243
279 243
315 243
318 243
324 243
325 243
329 243
331 243
332 243
350 243
352 243
356 243
357 243
358 243
361 243
136 244
137 244
140 244
272 244
275 244
277 244
315 244
318 244
327 244
328 244
330 244
350 244
352 244
358 244
359 244
361 244
135 245
139 245
272 245
277 245
315 245
318 245
319 245
323 245
324 245
326 245
327 245
350 245
352 245
359 245
360 245
362 245
134 246
137 246
138 246
272 246
274 246
277 246
315 246
317 246
325 246
350 246
352 246
360 246
362 246
133 247
136 247
137 247
272 247
274 247
277 247
315 247
318 247
322 247
326 247
350 247
352 247
360 247
362 247
132 248
135 248
136 248
272 248
274 248
277 248
315 248
319 248
320 248
323 248
324 248
327 248
350 248
352 248
359 248
361 248
131 249
134 249
135 249
273 249
277 249
311 249
312 249
315 249
325 249
327 249
350 249
352 249
359 249
361 249
130 250
133 250
134 250
273 250
277 250
311 250
315 250
317 250
318 250
319 250
320 250
321 250
322 250
350 250
352 250
359 250
361 250
129 251
132 251
133 251
273 251
277 251
314 251
317 251
324 251
325 251
349 251
351 251
358 251
360 251
361 251
128 252
131 252
132 252
269 252
271 252
272 252
274 252
275 252
276 252
277 252
314 252
316 252
322 252
326 252
349 252
351 252
357 252
360 252
127 253
130 253
131 253
269 253
270 253
271 253
279 253
280 253
281 253
313 253
314 253
316 253
318 253
319 253
320 253
323 253
324 253
327 253
349 253
351 253
355 253
356 253
359 253
126 254
129 254
130 254
283 254
284 254
312 254
313 254
325 254
327 254
348 254
351 254
355 254
358 254
125 255
128 255
129 255
274 255
275 255
276 255
277 255
278 255
282 255
284 255
310 255
312 255
315 255
316 255
317 255
318 255
319 255
320 255
321 255
322 255
325 255
348 255
350 255
355 255
356 255
359 255
360 255
124 256
127 256
128 256
270 256
271 256
272 256
273 256
278 256
279 256
282 256
285 256
311 256
314 256
326 256
348 256
350 256
356 256
357 256
360 256
361 256
123 257
126 257
127 257
269 257
270 257
282 257
283 257
284 257
285 257
311 257
313 257
314 257
326 257
327 257
328 257
347 257
350 257
357 257
358 257
362 257
363 257
122 258
125 258
126 258
268 258
272 258
273 258
274 258
275 258
276 258
277 258
278 258
279 258
280 258
303 258
304 258
305 258
306 258
307 258
308 258
309 258
310 258
313 258
347 258
349 258
359 258
360 258
363 258
364 258
121 259
124 259
125 259
267 259
268 259
270 259
271 259
292 259
293 259
294 259
295 259
296 259
297 259
298 259
299 259
300 259
301 259
302 259
313 259
314 259
315 259
316 259
317 259
318 259
319 259
320 259
321 259
322 259
323 259
346 259
349 259
360 259
361 259
365 259
366 259
120 260
123 260
124 260
256 260
286 260
287 260
288 260
289 260
290 260
291 260
324 260
325 260
326 260
327 260
328 260
329 260
346 260
348 260
362 260
363 260
366 260
367 260
368 260
119 261
122 261
123 261
256 261
282 261
283 261
284 261
285 261
310 261
311 261
312 261
313 261
330 261
331 261
332 261
345 261
348 261
363 261
364 261
368 261
369 261
372 261
373 261
374 261
375 261
118 262
121 262
122 262
256 262
279 262
280 262
281 262
313 262
333 262
334 262
335 262
336 262
345 262
347 262
365 262
366 262
370 262
371 262
375 262
376 262
117 263
120 263
121 263
256 263
267 263
268 263
275 263
276 263
277 263
278 263
329 263
330 263
337 263
338 263
339 263
345 263
347 263
367 263
368 263
376 263
116 264
119 264
256 264
265 264
266 264
272 264
273 264
274 264
331 264
332 264
333 264
334 264
340 264
341 264
342 264
344 264
346 264
369 264
370 264
371 264
372 264
373 264
374 264
376 264
115 265
118 265
256 265
262 265
263 265
264 265
270 265
271 265
335 265
336 265
337 265
343 265
344 265
346 265
374 265
376 265
113 266
114 266
117 266
256 266
261 266
262 266
268 266
269 266
274 266
275 266
338 266
339 266
346 266
347 266
374 266
376 266
112 267
113 267
116 267
256 267
259 267
260 267
261 267
265 267
266 267
267 267
271 267
272 267
273 267
339 267
340 267
341 267
345 267
348 267
374 267
376 267
111 268
112 268
115 268
256 268
257 268
258 268
259 268
263 268
264 268
269 268
270 268
271 268
341 268
342 268
343 268
345 268
349 268
350 268
351 268
374 268
376 268
110 269
111 269
114 269
258 269
261 269
262 269
263 269
267 269
268 269
344 269
347 269
351 269
352 269
374 269
376 269
109 270
110 270
113 270
260 270
261 270
265 270
266 270
344 270
347 270
348 270
352 270
353 270
354 270
373 270
376 270
108 271
109 271
112 271
258 271
259 271
260 271
263 271
264 271
344 271
346 271
348 271
349 271
354 271
355 271
373 271
375 271
107 272
108 272
111 272
256 272
257 272
258 272
262 272
263 272
344 272
346 272
349 272
350 272
351 272
355 272
356 272
372 272
373 272
375 272
106 273
107 273
110 273
255 273
256 273
260 273
261 273
262 273
344 273
346 273
351 273
352 273
356 273
357 273
372 273
374 273
105 274
106 274
109 274
254 274
255 274
259 274
260 274
346 274
352 274
353 274
354 274
357 274
358 274
371 274
374 274
104 275
105 275
108 275
253 275
254 275
258 275
259 275
342 275
343 275
345 275
346 275
354 275
355 275
358 275
359 275
370 275
371 275
373 275
374 275
103 276
104 276
107 276
252 276
253 276
257 276
258 276
318 276
319 276
320 276
342 276
355 276
356 276
359 276
360 276
370 276
373 276
102 277
103 277
106 277
251 277
252 277
256 277
257 277
307 277
308 277
317 277
320 277
341 277
342 277
344 277
356 277
357 277
360 277
361 277
363 277
369 277
372 277
101 278
102 278
105 278
250 278
251 278
255 278
256 278
309 278
310 278
314 278
315 278
318 278
319 278
320 278
340 278
341 278
344 278
357 278
361 278
362 278
368 278
369 278
371 278
372 278
100 279
101 279
104 279
231 279
232 279
250 279
254 279
255 279
311 279
312 279
313 279
319 279
341 279
344 279
357 279
358 279
362 279
368 279
371 279
99 280
100 280
103 280
230 280
231 280
249 280
253 280
254 280
344 280
345 280
358 280
359 280
362 280
368 280
370 280
98 281
99 281
102 281
229 281
233 281
248 281
249 281
252 281
253 281
345 281
346 281
351 281
359 281
363 281
367 281
368 281
369 281
370 281
97 282
101 282
228 282
231 282
232 282
248 282
252 282
346 282
347 282
350 282
351 282
359 282
363 282
367 282
369 282
96 283
97 283
99 283
100 283
226 283
227 283
230 283
231 283
247 283
248 283
251 283
252 283
343 283
349 283
350 283
360 283
364 283
367 283
369 283
95 284
99 284
225 284
226 284
229 284
230 284
247 284
251 284
344 284
347 284
348 284
349 284
360 284
364 284
367 284
369 284
94 285
97 285
98 285
224 285
225 285
228 285
247 285
251 285
345 285
346 285
347 285
354 285
360 285
364 285
367 285
369 285
93 286
96 286
97 286
223 286
227 286
246 286
251 286
348 286
355 286
360 286
364 286
367 286
369 286
92 287
95 287
96 287
222 287
225 287
226 287
246 287
250 287
346 287
355 287
360 287
364 287
367 287
369 287
91 288
94 288
95 288
220 288
221 288
224 288
225 288
246 288
250 288
346 288
347 288
348 288
355 288
356 288
361 288
362 288
363 288
364 288
367 288
369 288
90 289
93 289
94 289
219 289
220 289
223 289
224 289
246 289
250 289
344 289
345 289
346 289
356 289
357 289
358 289
359 289
360 289
364 289
366 289
369 289
89 290
92 290
93 290
218 290
219 290
222 290
246 290
250 290
343 290
344 290
355 290
364 290
366 290
369 290
88 291
91 291
92 291
217 291
221 291
246 291
250 291
341 291
342 291
343 291
363 291
366 291
368 291
87 292
90 292
91 292
216 292
219 292
220 292
246 292
250 292
341 292
361 292
362 292
363 292
365 292
369 292
86 293
89 293
90 293
214 293
215 293
218 293
219 293
246 293
250 293
350 293
358 293
359 293
360 293
365 293
369 293
85 294
88 294
89 294
213 294
214 294
217 294
218 294
246 294
250 294
351 294
361 294
362 294
363 294
364 294
365 294
369 294
84 295
87 295
88 295
212 295
213 295
216 295
247 295
249 295
351 295
357 295
358 295
359 295
360 295
366 295
369 295
83 296
86 296
87 296
211 296
215 296
247 296
250 296
351 296
352 296
370 296
82 297
85 297
86 297
210 297
213 297
214 297
247 297
248 297
352 297
353 297
366 297
367 297
370 297
81 298
84 298
209 298
212 298
213 298
248 298
250 298
353 298
367 298
370 298
80 299
83 299
207 299
208 299
211 299
212 299
248 299
250 299
354 299
355 299
368 299
369 299
370 299
79 300
82 300
206 300
207 300
210 300
355 300
356 300
368 300
78 301
81 301
205 301
209 301
330 301
331 301
332 301
333 301
335 301
336 301
337 301
356 301
368 301
369 301
370 301
77 302
80 302
204 302
207 302
208 302
330 302
333 302
335 302
337 302
338 302
356 302
357 302
366 302
367 302
76 303
79 303
203 303
206 303
207 303
330 303
333 303
338 303
339 303
357 303
358 303
363 303
364 303
365 303
74 304
75 304
78 304
201 304
202 304
205 304
206 304
330 304
334 304
336 304
339 304
340 304
359 304
360 304
361 304
362 304
73 305
74 305
77 305
200 305
201 305
204 305
330 305
331 305
334 305
336 305
340 305
344 305
345 305
346 305
347 305
362 305
72 306
73 306
76 306
199 306
203 306
331 306
332 306
333 306
334 306
336 306
341 306
344 306
347 306
348 306
349 306
362 306
71 307
72 307
75 307
198 307
201 307
202 307
336 307
341 307
344 307
349 307
350 307
351 307
362 307
70 308
71 308
74 308
197 308
200 308
201 308
336 308
341 308
344 308
345 308
346 308
351 308
362 308
69 309
70 309
73 309
195 309
196 309
199 309
200 309
335 309
336 309
340 309
343 309
346 309
347 309
351 309
362 309
68 310
69 310
72 310
194 310
195 310
198 310
333 310
334 310
335 310
339 310
340 310
343 310
345 310
348 310
349 310
350 310
351 310
362 310
67 311
68 311
71 311
193 311
197 311
332 311
336 311
337 311
338 311
339 311
345 311
346 311
362 311
66 312
67 312
70 312
192 312
195 312
196 312
332 312
344 312
347 312
348 312
349 312
363 312
65 313
66 313
69 313
191 313
194 313
195 313
331 313
332 313
333 313
334 313
344 313
345 313
346 313
350 313
363 313
64 314
65 314
68 314
189 314
190 314
193 314
194 314
330 314
331 314
335 314
336 314
337 314
348 314
350 314
351 314
363 314
63 315
64 315
67 315
188 315
189 315
192 315
330 315
338 315
339 315
340 315
341 315
342 315
345 315
346 315
349 315
351 315
363 315
62 316
63 316
66 316
187 316
191 316
330 316
332 316
342 316
344 316
346 316
347 316
349 316
352 316
363 316
61 317
62 317
65 317
186 317
189 317
190 317
331 317
333 317
334 317
335 317
341 317
344 317
347 317
349 317
352 317
363 317
60 318
64 318
185 318
188 318
189 318
335 318
336 318
337 318
340 318
341 318
344 318
347 318
349 318
352 318
363 318
59 319
62 319
63 319
183 319
184 319
187 319
188 319
338 319
339 319
344 319
347 319
349 319
353 319
363 319
58 320
61 320
62 320
182 320
183 320
186 320
344 320
345 320
347 320
349 320
353 320
363 320
57 321
60 321
61 321
181 321
185 321
345 321
349 321
353 321
363 321
56 322
59 322
60 322
180 322
183 322
184 322
346 322
347 322
349 322
352 322
363 322
55 323
58 323
59 323
179 323
182 323
183 323
349 323
350 323
351 323
352 323
363 323
54 324
57 324
58 324
177 324
178 324
181 324
182 324
363 324
53 325
56 325
57 325
176 325
177 325
180 325
363 325
52 326
55 326
56 326
175 326
179 326
363 326
51 327
54 327
55 327
174 327
177 327
178 327
363 327
50 328
53 328
54 328
173 328
176 328
177 328
363 328
49 329
52 329
53 329
171 329
172 329
175 329
176 329
363 329
48 330
51 330
52 330
170 330
171 330
174 330
363 330
47 331
50 331
51 331
169 331
173 331
363 331
46 332
49 332
50 332
168 332
171 332
172 332
363 332
45 333
48 333
167 333
170 333
171 333
363 333
44 334
47 334
165 334
166 334
169 334
170 334
363 334
43 335
46 335
164 335
165 335
168 335
364 335
42 336
45 336
163 336
167 336
233 336
364 336
41 337
44 337
162 337
165 337
166 337
233 337
364 337
40 338
43 338
161 338
164 338
165 338
233 338
364 338
39 339
42 339
159 339
160 339
163 339
164 339
232 339
364 339
38 340
41 340
158 340
159 340
162 340
232 340
364 340
37 341
40 341
157 341
161 341
232 341
364 341
36 342
39 342
156 342
159 342
160 342
232 342
364 342
34 343
35 343
38 343
155 343
158 343
159 343
232 343
364 343
33 344
34 344
37 344
153 344
154 344
157 344
158 344
232 344
364 344
32 345
33 345
36 345
152 345
153 345
156 345
232 345
364 345
31 346
32 346
35 346
151 346
155 346
231 346
364 346
30 347
31 347
34 347
150 347
153 347
154 347
231 347
364 347
29 348
30 348
33 348
149 348
152 348
153 348
232 348
365 348
28 349
29 349
32 349
147 349
148 349
151 349
232 349
365 349
27 350
28 350
31 350
146 350
147 350
150 350
232 350
365 350
26 351
27 351
30 351
145 351
149 351
231 351
232 351
233 351
365 351
25 352
26 352
29 352
144 352
147 352
148 352
231 352
233 352
310 352
311 352
365 352
24 353
25 353
28 353
143 353
146 353
147 353
231 353
233 353
312 353
313 353
314 353
315 353
316 353
317 353
318 353
319 353
323 353
324 353
325 353
326 353
365 353
23 354
24 354
27 354
141 354
142 354
145 354
231 354
233 354
310 354
311 354
319 354
327 354
328 354
365 354
22 355
23 355
26 355
140 355
141 355
144 355
231 355
233 355
311 355
319 355
323 355
324 355
328 355
365 355
21 356
25 356
139 356
143 356
231 356
232 356
311 356
318 356
324 356
326 356
327 356
340 356
341 356
365 356
20 357
23 357
24 357
138 357
141 357
142 357
232 357
311 357
318 357
323 357
325 357
326 357
340 357
342 357
343 357
344 357
365 357
19 358
22 358
23 358
137 358
140 358
141 358
311 358
318 358
322 358
323 358
325 358
340 358
345 358
346 358
365 358
18 359
21 359
22 359
135 359
136 359
139 359
311 359
318 359
321 359
322 359
325 359
340 359
346 359
365 359
17 360
20 360
21 360
134 360
135 360
138 360
311 360
318 360
321 360
325 360
341 360
346 360
349 360
350 360
351 360
352 360
365 360
16 361
19 361
20 361
133 361
137 361
311 361
318 361
320 361
321 361
326 361
341 361
346 361
349 361
351 361
365 361
15 362
18 362
19 362
132 362
135 362
136 362
311 362
318 362
320 362
326 362
341 362
346 362
349 362
350 362
351 362
352 362
365 362
14 363
17 363
18 363
131 363
134 363
135 363
311 363
318 363
320 363
326 363
342 363
346 363
349 363
351 363
365 363
13 364
16 364
17 364
129 364
130 364
133 364
311 364
318 364
320 364
327 364
342 364
347 364
349 364
351 364
365 364
12 365
15 365
16 365
128 365
129 365
132 365
311 365
319 365
321 365
327 365
342 365
347 365
350 365
365 365
11 366
14 366
15 366
127 366
131 366
311 366
319 366
321 366
328 366
343 366
347 366
350 366
365 366
10 367
13 367
14 367
126 367
129 367
130 367
311 367
319 367
322 367
328 367
343 367
347 367
350 367
362 367
365 367
9 368
12 368
13 368
125 368
128 368
129 368
310 368
311 368
319 368
322 368
329 368
343 368
347 368
350 368
361 368
362 368
363 368
8 369
11 369
123 369
124 369
127 369
310 369
319 369
320 369
322 369
329 369
344 369
347 369
349 369
350 369
361 369
363 369
7 370
10 370
122 370
123 370
126 370
310 370
311 370
312 370
313 370
314 370
315 370
316 370
317 370
318 370
322 370
330 370
344 370
348 370
361 370
363 370
6 371
9 371
121 371
125 371
321 371
323 371
324 371
325 371
326 371
327 371
328 371
330 371
344 371
348 371
361 371
364 371
5 372
8 372
120 372
123 372
124 372
329 372
344 372
349 372
361 372
364 372
7 373
119 373
122 373
123 373
345 373
348 373
361 373
364 373
6 374
117 374
118 374
121 374
345 374
348 374
359 374
362 374
364 374
5 375
116 375
117 375
120 375
345 375
346 375
347 375
348 375
359 375
362 375
364 375
115 376
119 376
359 376
362 376
364 376
114 377
117 377
118 377
232 377
359 377
362 377
364 377
113 378
116 378
117 378
232 378
359 378
362 378
364 378
111 379
112 379
115 379
232 379
359 379
362 379
365 379
110 380
111 380
114 380
232 380
359 380
361 380
362 380
365 380
109 381
113 381
232 381
359 381
361 381
363 381
365 381
108 382
111 382
112 382
232 382
256 382
359 382
363 382
365 382
107 383
110 383
111 383
232 383
256 383
360 383
363 383
365 383
105 384
106 384
109 384
231 384
255 384
363 384
365 384
104 385
105 385
108 385
232 385
256 385
363 385
103 386
107 386
231 386
257 386
258 386
364 386
102 387
105 387
106 387
232 387
364 387
101 388
104 388
105 388
232 388
99 389
100 389
103 389
231 389
98 390
99 390
102 390
231 390
97 391
101 391
231 391
96 392
99 392
100 392
231 392
95 393
98 393
99 393
231 393
256 393
93 394
94 394
97 394
231 394
256 394
92 395
93 395
96 395
230 395
256 395
91 396
95 396
230 396
255 396
90 397
93 397
94 397
230 397
256 397
89 398
92 398
93 398
230 398
232 398
256 398
257 398
258 398
87 399
88 399
91 399
231 399
86 400
87 400
90 400
231 400
232 400
85 401
89 401
84 402
87 402
88 402
83 403
86 403
87 403
81 404
82 404
85 404
80 405
81 405
84 405
79 406
83 406
78 407
81 407
82 407
77 408
80 408
81 408
75 409
76 409
79 409
74 410
75 410
78 410
73 411
77 411
72 412
75 412
76 412
71 413
74 413
75 413
69 414
70 414
73 414
231 414
68 415
69 415
72 415
231 415
67 416
71 416
231 416
66 417
69 417
70 417
231 417
65 418
68 418
69 418
231 418
63 419
64 419
67 419
231 419
62 420
63 420
66 420
231 420
309 420
310 420
311 420
312 420
313 420
314 420
320 420
321 420
61 421
65 421
231 421
296 421
297 421
298 421
299 421
300 421
301 421
302 421
303 421
304 421
305 421
306 421
307 421
308 421
315 421
316 421
317 421
318 421
319 421
322 421
323 421
324 421
325 421
326 421
327 421
328 421
60 422
63 422
64 422
231 422
289 422
290 422
291 422
292 422
293 422
294 422
295 422
329 422
330 422
331 422
332 422
333 422
334 422
335 422
336 422
59 423
62 423
63 423
231 423
284 423
285 423
286 423
287 423
288 423
337 423
338 423
339 423
340 423
341 423
57 424
58 424
61 424
231 424
279 424
280 424
281 424
282 424
283 424
342 424
343 424
344 424
345 424
56 425
57 425
60 425
231 425
275 425
276 425
277 425
278 425
346 425
347 425
348 425
349 425
55 426
59 426
231 426
272 426
273 426
274 426
350 426
351 426
54 427
57 427
58 427
231 427
270 427
271 427
352 427
353 427
354 427
53 428
56 428
57 428
231 428
267 428
268 428
269 428
355 428
356 428
357 428
51 429
52 429
55 429
231 429
264 429
265 429
266 429
357 429
358 429
359 429
50 430
51 430
54 430
230 430
263 430
264 430
359 430
360 430
49 431
53 431
230 431
261 431
262 431
361 431
362 431
48 432
51 432
52 432
230 432
259 432
260 432
261 432
362 432
363 432
364 432
47 433
50 433
51 433
231 433
257 433
258 433
259 433
364 433
365 433
45 434
46 434
49 434
231 434
256 434
257 434
365 434
366 434
44 435
45 435
48 435
231 435
255 435
256 435
366 435
367 435
43 436
47 436
231 436
254 436
255 436
367 436
368 436
42 437
45 437
46 437
231 437
253 437
254 437
368 437
41 438
44 438
45 438
231 438
252 438
253 438
368 438
369 438
39 439
40 439
43 439
231 439
251 439
252 439
369 439
38 440
39 440
42 440
231 440
251 440
369 440
37 441
41 441
231 441
251 441
370 441
36 442
39 442
40 442
230 442
250 442
370 442
35 443
38 443
39 443
230 443
250 443
370 443
33 444
34 444
37 444
230 444
370 444
32 445
33 445
36 445
230 445
370 445
31 446
35 446
230 446
370 446
30 447
33 447
34 447
230 447
369 447
29 448
32 448
33 448
230 448
369 448
27 449
28 449
31 449
230 449
368 449
26 450
27 450
30 450
230 450
367 450
368 450
25 451
29 451
230 451
366 451
367 451
24 452
27 452
28 452
230 452
365 452
366 452
23 453
26 453
27 453
231 453
364 453
365 453
21 454
22 454
25 454
231 454
363 454
364 454
20 455
21 455
24 455
231 455
362 455
363 455
19 456
23 456
231 456
257 456
360 456
361 456
362 456
18 457
21 457
22 457
231 457
258 457
359 457
360 457
17 458
20 458
21 458
231 458
258 458
259 458
260 458
357 458
358 458
359 458
15 459
16 459
19 459
231 459
260 459
261 459
355 459
356 459
14 460
15 460
18 460
231 460
262 460
263 460
353 460
354 460
13 461
17 461
231 461
264 461
265 461
266 461
351 461
352 461
12 462
15 462
16 462
231 462
267 462
268 462
348 462
349 462
350 462
11 463
14 463
15 463
231 463
269 463
270 463
271 463
272 463
344 463
345 463
346 463
347 463
10 464
13 464
231 464
271 464
273 464
274 464
341 464
342 464
343 464
8 465
9 465
12 465
231 465
271 465
275 465
276 465
277 465
337 465
338 465
339 465
340 465
7 466
11 466
231 466
278 466
279 466
280 466
281 466
282 466
283 466
332 466
333 466
334 466
335 466
336 466
6 467
9 467
10 467
230 467
278 467
284 467
285 467
286 467
287 467
288 467
289 467
290 467
291 467
324 467
325 467
326 467
327 467
328 467
329 467
330 467
331 467
5 468
8 468
230 468
278 468
292 468
293 468
294 468
295 468
296 468
297 468
298 468
299 468
300 468
301 468
302 468
303 468
304 468
305 468
306 468
309 468
310 468
311 468
312 468
313 468
314 468
315 468
316 468
317 468
318 468
319 468
320 468
321 468
322 468
323 468
7 469
230 469
278 469
307 469
308 469
6 470
230 470
278 470
5 471
230 471
278 471
230 472
278 472
230 473
278 473
230 474
278 474
230 475
278 475
230 476
278 476
230 477
278 477
230 478
278 478
230 479
279 479
230 480
279 480
230 481
230 482
230 483
230 484
230 485
230 486
230 487
230 488
229 489
229 490
230 491
230 492
230 493
230 494
