6.25 251.875 312.11875 359.575
10.625 296.875 566.55 370.7625
11.25 255.625 221.11875 210.1625
12.5 95.625 186.5125 144.68125
16.25 77.5 67.875 93.225
21.875 88.75 62.13 102.14375
22.5 23.125 63.15625 31.99
23.75 60.625 25.654375 63.1375
25.625 253.125 552.5625 102.83125
26.25 79.375 28.47 85.01875
29.375 5.625 51.109375 7.44375
36.875 60.625 58.7 68.6
41.875 45.625 4.5340625 42.68375
41.875 287.5 542.4875 62.7125
45.0 28.75 49.225 28.003125
54.375 64.375 58.7 68.6
58.125 31.875 24.59 20.67125
58.75 65.625 62.65 69.70625
61.25 128.125 103.64375 144.5875
61.875 260.625 596.70625 95.80625
71.25 70.625 39.98375 66.89375
71.25 55.625 11.5275 41.690625
75.625 123.75 31.791875 134.8375
102.5 176.875 153.475 198.83125
118.75 104.375 189.13125 126.86875
122.5 127.5 171.525 144.2125
126.25 283.125 37.589375 316.95
140.625 248.75 132.4 301.44375
140.0 282.5 37.589375 316.95
141.25 240.625 601.9375 245.3125
148.125 113.125 120.60625 116.6125
158.75 138.125 92.74375 140.15625
170.0 127.5 46.324375 31.39
238.125 159.375 216.75625 205.8375
241.875 163.125 255.925 188.7
242.5 154.375 255.925 188.7
255.0 178.75 231.2125 191.14375
260.625 167.5 237.55 179.48125
318.125 175.625 313.89375 280.4125
7.5 191.25 118.9375 360.43125
18.75 10.0 59.3525 18.076875
30.0 9.375 32.055 12.830625
30.0 40.0 526.0375 87.48125
36.875 48.125 40.015 49.26375
55.0 23.75 59.36625 22.4375
64.375 22.5 32.199375 9.500625
71.875 20.625 40.5 8.351875
71.875 31.875 39.98375 66.89375
87.5 32.5 76.475 53.446875
87.5 32.5 76.475 53.446875
87.5 25.625 76.475 53.446875
235.625 139.375 249.95 153.7125
278.125 279.375 517.30625 282.86875
25.625 87.5 67.4875 101.39375
71.25 61.25 40.3625 43.43375
80.625 33.75 31.86375 18.388125
246.25 170.0 242.425 163.86875
7.5 114.375 51.345 131.08125
7.5 114.375 51.345 131.08125
22.5 28.125 62.8 7.230625
22.5 90.0 63.94375 103.56875
28.125 10.625 43.06 6.961875
31.875 78.125 53.9225 87.33125
31.875 78.125 53.9225 87.33125
35.0 21.875 38.566875 20.914375
35.0 48.75 57.768125 19.35875
35.625 24.375 58.12375 28.610625
43.125 38.75 6.0265 27.328125
50.0 6.875 54.255625 34.425
50.0 34.375 54.255625 34.425
53.125 51.25 57.633125 17.579375
53.75 8.125 58.495 35.5375
63.125 51.875 21.599375 31.32375
63.125 82.5 306.05625 275.14375
67.5 11.875 54.255625 34.425
73.125 45.625 21.599375 31.32375
78.75 17.5 49.1125 36.175
90.0 160.625 227.025 439.6625
127.5 266.875 134.31875 283.35625
127.5 266.875 611.49375 276.6875
133.75 291.875 153.19375 353.85625
136.875 255.625 113.46875 300.9125
150.625 235.0 436.4625 242.03125
155.625 115.0 259.325 143.66875
156.25 230.0 340.88125 239.5625
169.375 134.375 105.06875 135.5625
241.875 228.125 500.475 233.13125
257.5 169.375 224.6625 159.3125
261.875 151.875 239.05 161.1625
276.25 135.625 436.13125 150.125
283.125 197.5 376.05 115.51875
308.125 198.125 439.41875 244.5375
313.125 277.5 271.49375 170.84375
316.875 243.125 215.1625 252.40625
16.875 45.0 18.614375 44.42625
20.625 25.0 61.359375 33.993125
21.25 33.75 43.424375 51.91125
24.375 22.5 27.275625 20.219375
29.375 23.75 69.975 32.960625
31.875 30.0 54.255625 34.425
38.75 26.25 61.14125 30.22
39.375 33.75 42.30625 34.03625
53.75 35.625 58.495 35.5375
56.875 33.75 61.359375 33.993125
57.5 38.125 23.04 27.58125
112.5 140.625 46.86125 143.79375
235.625 178.75 249.8625 195.56875
240.0 164.375 128.36875 300.825
249.375 153.75 226.2125 173.09375
250.0 162.5 226.2125 173.09375
250.0 170.625 226.2125 173.09375
267.5 181.875 294.94375 222.425
21.875 29.375 23.04 27.58125
121.875 203.125 536.31875 159.04375
161.875 182.5 96.36875 192.78125
223.125 138.125 128.33125 270.14375
236.25 174.375 250.7625 191.20625
236.25 174.375 250.7625 191.20625
116.25 178.75 164.85 200.18125
42.5 36.875 45.80125 36.2425
34.375 28.75 56.653125 33.18
337.5 249.375 416.5375 267.84375
338.75 266.25 363.7625 287.0875
363.125 248.125 416.5375 267.84375
374.375 248.125 416.5375 267.84375
374.375 248.125 416.5375 267.84375
380.625 186.25 382.9 290.64375
405.0 232.5 371.3875 253.83125
405.0 270.625 358.625 292.05
409.375 237.5 465.86875 163.5375
410.0 246.875 363.34375 268.5125
413.125 237.5 421.55 278.35
413.125 240.625 421.5625 281.35625
413.125 246.875 337.65625 268.425
425.625 214.375 404.83125 235.80625
440.625 147.5 542.55 155.35625
496.875 261.25 518.21875 312.7875
508.75 260.0 220.3625 210.05
558.75 195.625 177.96875 250.3625
560.0 226.25 371.3875 253.83125
569.375 228.75 618.80625 262.64375
570.0 247.5 618.80625 262.64375
571.25 268.125 619.8 294.5875
575.0 212.5 261.53125 111.31875
583.125 258.75 592.53125 284.2875
583.75 261.875 611.9875 258.5
585.0 239.375 594.51875 265.08125
588.125 230.625 598.025 255.5125
610.625 152.5 168.19375 317.9875
633.75 221.25 358.1 252.69375
358.75 270.0 411.275 292.725
375.625 265.625 363.7625 287.0875
376.25 168.75 356.0625 186.175
409.375 231.875 375.275 252.775
422.5 246.875 416.5375 267.84375
425.625 231.25 379.6375 252.625
425.625 231.25 379.6375 252.625
426.25 236.875 381.85625 191.6125
426.25 240.0 381.8125 194.8125
426.25 246.25 337.65625 268.425
465.0 126.875 414.54375 150.34375
530.625 137.5 556.26875 174.70625
578.125 244.375 587.475 269.46875
579.375 271.25 588.34375 297.2625
584.375 312.5 61.55625 162.19375
589.375 248.75 435.31875 268.075
633.75 240.0 329.4875 279.3
444.375 177.5 546.1125 191.6625
471.25 239.375 336.55 237.3375
522.5 162.5 605.2875 287.38125
526.25 134.375 461.46875 160.28125
358.75 230.0 607.64375 242.89375
364.375 159.375 343.01875 176.3
369.375 186.25 348.6875 204.13125
375.625 237.5 368.825 176.18125
380.625 205.625 595.36875 94.55625
412.5 251.875 365.775 273.45
412.5 251.875 378.80625 273.225
413.75 248.75 337.79375 270.0625
415.0 151.875 489.125 184.65
423.75 235.625 418.625 257.01875
426.25 238.125 466.18125 161.63125
428.75 255.0 382.3875 276.18125
464.375 125.0 448.75 144.3875
530.0 156.25 464.05 165.28125
530.0 161.25 465.41875 190.24375
585.0 260.625 593.825 285.83125
593.125 248.125 52.200625 183.2375
593.75 254.375 153.2375 193.675
602.5 106.875 624.575 358.40625
633.75 281.875 455.96875 88.68125
406.875 217.5 78.48125 60.308125
406.875 231.875 372.85625 252.61875
425.0 257.5 378.9375 279.4625
425.0 257.5 378.9375 279.4625
428.75 251.875 468.36875 175.5
440.0 303.75 528.6 337.4125
533.75 158.125 383.4375 172.2
546.25 306.875 307.99375 87.45
564.375 223.75 126.05625 265.35625
580.625 248.125 603.6625 289.0
584.375 251.25 593.59375 276.525
584.375 251.25 593.59375 276.525
586.25 228.75 596.36875 263.3
626.875 211.25 353.35625 244.725
330.625 258.75 112.5125 248.375
420.0 238.75 429.25625 279.7375
424.375 238.75 378.9375 279.4625
586.25 231.875 596.11875 257.2125
587.5 260.625 596.11875 257.2125
587.5 260.625 596.3625 266.81875
587.5 260.625 596.3625 266.81875
620.625 121.25 121.175 65.4
355.625 276.875 409.5125 300.84375
358.75 270.0 411.275 292.725
426.875 300.0 405.225 38.255
583.125 225.625 592.64375 250.64375
583.125 229.375 593.1875 264.1625
583.75 235.0 592.9125 260.125
583.75 238.75 593.1875 264.1625
583.75 244.375 593.3875 269.675
584.375 248.125 593.46875 273.6625
584.375 248.125 593.46875 273.6625
584.375 254.375 593.48125 279.5375
584.375 254.375 593.48125 279.5375
590.0 238.125 599.4 254.26875
628.75 214.375 353.65625 246.8375
418.125 225.625 607.35 242.68125
418.125 225.625 607.35 242.68125
575.0 280.625 423.9 301.91875
516.875 132.5 452.35625 158.11875
530.0 165.0 550.3625 161.8125
580.625 241.25 590.15 266.9
580.625 241.25 590.15 266.9
587.5 251.25 596.64375 276.40625
587.5 251.25 596.64375 276.40625
348.125 189.375 363.45 290.61875
348.125 189.375 363.45 290.61875
366.875 187.5 245.68125 192.63125
376.875 186.875 377.39375 291.225
622.5 214.375 401.6125 244.90625
160.0 80.0 507.14375 304.375
162.5 63.125 164.425 68.4125
169.375 36.875 262.03125 68.29375
180.625 76.25 147.225 78.4
180.625 84.375 270.3 304.125
265.625 107.5 158.00625 92.51875
270.0 100.625 583.0125 350.33125
271.25 71.25 165.01875 47.754375
262.5 60.625 437.73125 165.68125
271.25 65.625 551.65 86.7125
173.75 43.75 265.4125 74.0375
271.875 82.5 163.8875 59.87375
274.375 80.0 169.125 57.598125
178.125 90.625 267.54375 118.41875
178.125 90.625 267.54375 118.41875
173.125 58.75 263.5 87.91875
266.875 79.375 159.05625 57.0475
266.875 79.375 159.05625 57.0475
188.125 56.25 279.25 89.35625
362.5 56.25 48.9575 186.1
395.0 122.5 593.20625 88.94375
501.25 40.625 173.50625 51.03875
566.875 86.25 617.75 104.025
372.5 60.0 545.93125 44.411875
634.375 55.0 520.99375 96.59375
431.25 71.25 531.0875 65.125
511.25 110.0 481.01875 133.775
365.625 109.375 442.1375 107.05
509.375 70.625 436.0125 99.65
513.125 26.875 22.485 55.205
518.75 45.625 63.36875 391.48125
530.0 56.25 455.84375 86.175
530.625 28.75 523.35625 260.43125
433.125 73.75 533.95625 67.325
509.375 66.875 435.91875 96.29375
519.375 53.125 445.88125 83.1625
520.0 80.0 446.125 109.425
428.125 69.375 528.4625 62.171875
442.5 95.0 546.60625 92.8125
504.375 43.125 431.7125 72.80625
428.75 58.125 360.525 83.525
510.0 36.25 436.8875 68.23125
528.75 80.625 454.78125 110.24375
505.625 46.875 432.575 77.175
435.625 66.25 539.875 58.31
513.75 37.5 440.4 69.625
429.375 40.0 325.30625 262.60625
520.0 39.375 446.3 70.85
530.625 71.875 456.39375 103.08125
511.875 60.0 438.5375 89.25
536.875 53.125 462.425 84.4
364.375 85.0 38.626875 203.3375
304.375 91.25 164.18125 192.1125
314.375 76.25 277.00625 32.526875
25.625 330.625 15.78625 377.60625
46.875 422.5 548.5875 456.1625
120.625 353.125 51.63625 410.975
203.75 364.375 336.6 383.44375
326.875 356.25 508.3125 378.225
340.0 326.875 331.475 348.55625
356.875 345.0 586.1375 376.3875
360.0 315.625 355.50625 402.43125
420.625 317.5 395.39375 344.5625
431.25 377.5 149.98125 356.26875
527.5 405.625 525.43125 384.76875
625.625 343.125 218.275 397.81875
75.0 365.0 559.13125 197.6625
186.25 385.625 104.34375 401.45
213.75 341.875 331.475 348.55625
213.75 341.875 331.475 348.55625
227.5 366.875 262.00625 382.6375
258.125 445.625 516.85625 403.3125
313.125 320.625 305.49375 353.425
326.25 323.75 301.16875 354.26875
381.25 343.75 343.4625 391.0625
443.75 320.0 416.84375 347.60625
464.375 361.25 334.6 366.9125
469.375 393.75 434.01875 392.80625
483.75 311.875 315.575 49.88125
493.125 319.375 414.025 341.50625
493.125 319.375 414.025 341.50625
500.625 337.5 449.70625 361.26875
544.375 451.25 277.8375 332.175
580.625 326.25 437.3 345.36875
625.625 327.5 502.25 351.18125
25.0 344.375 30.68125 402.5625
48.125 342.5 62.5625 397.35625
100.625 337.5 113.13125 388.31875
183.75 333.75 301.16875 354.26875
359.375 325.0 310.84375 352.34375
366.25 368.75 445.64375 422.275
407.5 370.0 251.19375 351.975
425.625 327.5 369.875 358.06875
460.0 323.125 426.6875 354.41875
460.0 323.125 426.6875 354.41875
480.625 320.625 502.25 351.18125
495.625 324.375 416.84375 347.60625
535.625 379.375 451.6625 371.66875
66.875 437.5 509.16875 251.5125
90.625 365.625 26.87375 452.1125
121.875 436.875 87.09375 272.85625
166.875 471.25 159.46875 12.938125
176.25 351.25 591.21875 389.3625
177.5 465.0 319.975 127.59375
182.5 461.25 50.0 453.275
224.375 332.5 145.55 387.5
278.75 459.375 170.39375 453.2
360.0 355.625 387.2125 392.6625
397.5 388.75 269.3375 444.8875
406.25 316.875 403.36875 347.1125
427.5 336.875 293.23125 367.3
437.5 353.125 414.15625 384.78125
443.75 315.625 416.05625 340.85625
463.75 375.625 228.8 63.4625
476.25 467.5 437.10625 5.8534375
512.5 445.625 629.4375 178.3875
532.5 446.875 215.4125 165.61875
540.625 357.5 388.8 392.60625
565.0 318.125 160.25625 353.25
13.75 471.25 407.425 254.075
22.5 341.875 14.610625 93.90625
98.75 334.375 349.21875 348.76875
134.375 331.25 149.8375 375.9
138.75 325.625 383.60625 343.75625
153.125 329.375 199.0625 367.7125
180.0 322.5 153.74375 363.86875
252.5 329.375 411.15 394.08125
268.125 309.375 598.96875 302.3125
321.875 383.75 337.9125 382.45
415.0 351.875 416.5875 364.28125
486.25 335.625 291.675 378.39375
495.0 312.5 472.925 340.10625
495.0 314.375 533.025 346.19375
503.125 468.125 616.7875 142.15625
518.125 409.375 416.99375 424.9125
518.75 338.75 421.09375 375.9
531.875 360.0 502.775 373.18125
551.875 355.0 148.18125 370.7375
601.25 341.25 585.59375 279.4875
66.25 338.75 76.6 390.275
117.5 376.875 346.21875 69.4625
277.5 337.5 294.325 359.93125
302.5 446.875 466.55625 443.275
337.5 330.0 344.10625 349.96875
486.875 318.75 522.075 349.61875
495.625 318.75 416.05625 340.85625
519.375 468.75 136.66875 390.2
547.5 316.875 594.49375 348.3875
590.0 326.875 470.525 349.70625
45.625 336.25 232.24375 356.89375
106.25 341.875 102.81875 390.15625
446.25 366.875 489.9125 363.64375
452.5 323.75 426.6875 354.41875
485.0 325.625 426.6875 354.41875
534.375 325.0 395.39375 344.5625
215.625 357.5 215.15625 369.6625
270.625 360.0 232.6 366.1
348.125 311.25 370.51875 120.25
380.625 343.125 317.325 368.7125
408.125 337.5 381.9 354.7125
416.25 336.25 303.825 384.83125
505.625 329.375 426.6875 354.41875
18.75 467.5 29.661875 361.875
67.5 334.375 72.775 383.40625
123.75 370.0 178.6375 386.85
156.875 365.625 85.4625 404.4875
246.25 363.125 238.375 416.275
246.25 363.125 238.375 416.275
287.5 358.125 215.15625 369.6625
17.5 335.625 153.74375 363.86875
113.75 350.625 114.1625 405.025
158.125 345.625 448.15625 366.2125
185.625 349.375 324.23125 363.33125
253.75 340.625 386.2125 359.0875
253.75 334.375 294.325 359.93125
268.75 363.125 346.25625 366.55
415.0 331.875 319.74375 354.83125
420.625 331.25 411.15 394.08125
616.875 330.625 498.85625 354.46875
311.25 348.75 235.71875 381.15625
365.0 340.0 307.8375 365.9375
436.25 336.875 358.5875 365.5375
470.0 422.5 268.8 304.825
545.0 361.875 291.675 378.39375
626.25 410.0 356.26875 157.95
87.5 392.5 58.0625 404.05
384.375 416.25 416.5875 364.28125
563.125 429.375 214.975 191.76875
115.625 371.25 35.350625 414.3125
78.125 415.0 142.9875 436.8
359.375 383.75 280.8375 424.35625
190.0 416.875 48.4025 399.69375
223.75 371.25 114.1625 405.025
246.25 438.75 85.4625 396.775
519.375 354.375 471.28125 394.33125
101.25 422.5 584.94375 356.9875
25.0 265.0 7.43875 296.0375
26.25 313.75 7.910625 353.05625
26.25 313.75 7.910625 353.05625
27.5 260.625 9.676875 290.8625
29.375 59.375 11.5275 57.005
30.625 318.125 13.0375 357.2875
32.5 107.5 16.085 113.675
33.125 187.5 16.29875 205.93125
33.75 244.375 16.905 272.0875
35.0 278.125 18.673125 310.58125
37.5 250.625 20.66 279.15625
38.125 260.625 21.7225 290.675
38.125 158.75 21.81375 172.76875
38.75 57.5 22.485 55.205
38.75 231.875 23.24875 257.28125
39.375 178.75 23.405 196.075
39.375 178.75 23.405 196.075
39.375 201.875 23.4575 222.15625
40.625 28.125 24.59 20.67125
41.25 225.625 25.269375 250.3875
41.25 61.875 25.48 60.70875
41.875 64.375 25.654375 63.1375
44.375 309.375 28.51625 346.69375
44.375 309.375 28.51625 346.69375
44.375 36.875 27.8875 31.5775
46.875 126.25 31.791875 134.8375
47.5 20.625 32.055 12.830625
48.125 118.75 33.541875 125.9375
50.625 243.125 35.105625 269.425
50.625 243.125 35.105625 269.425
52.5 77.5 38.504375 78.6375
53.125 116.875 38.57875 124.34375
53.125 133.125 38.3475 143.10625
53.125 284.375 37.589375 316.95
53.75 110.0 39.39 116.66875
55.625 163.125 40.815625 177.7
56.25 277.5 41.346875 308.55
56.875 280.0 42.0775 311.75
57.5 305.625 42.8675 342.2375
59.375 312.5 45.4675 349.26875
60.625 220.0 47.4725 242.925
61.25 136.875 47.254375 146.35625
61.875 248.125 48.345 275.225
61.875 285.625 48.075625 318.55
61.875 260.625 48.350625 289.675
61.875 268.125 48.395625 298.8125
64.375 128.75 50.501875 137.6
65.0 15.625 51.109375 7.44375
66.875 303.125 53.9425 338.55
66.875 313.75 54.048125 350.78125
67.5 159.375 54.45875 172.96875
67.5 263.125 54.69375 292.16875
68.125 180.625 55.808125 197.84375
68.75 242.5 56.130625 268.44375
70.0 189.375 58.02 207.98125
70.0 189.375 58.02 207.98125
70.625 214.375 57.57875 236.69375
71.25 68.125 58.7 68.6
71.25 231.875 58.994375 256.1875
71.875 24.375 59.3525 18.076875
73.125 284.375 60.861875 316.0625
74.375 241.875 62.266875 267.825
75.0 233.125 62.75 257.48125
75.0 56.25 62.84375 54.96375
75.0 203.75 63.0 223.80625
75.0 164.375 63.66875 178.73125
75.625 187.5 63.76875 205.28125
77.5 159.375 65.60625 173.34375
78.75 305.625 67.0 340.8125
78.75 102.5 67.46875 107.8625
79.375 230.0 68.30625 253.6875
81.875 109.375 70.575 115.78125
83.125 38.125 72.16875 34.6025
83.125 38.125 72.16875 34.6025
83.75 260.0 71.9125 287.89375
83.75 290.625 72.625 323.3
85.0 128.125 74.25 137.11875
85.0 128.125 74.25 137.11875
85.0 221.25 73.86875 243.5875
86.25 305.0 75.43125 339.30625
86.25 18.75 74.95625 12.311875
86.25 263.125 75.25 291.61875
86.25 263.125 75.25 291.61875
86.875 74.375 76.025 75.85
86.875 185.0 75.9875 202.7
87.5 48.125 76.70625 45.790625
86.875 245.625 76.34375 271.3875
88.125 141.25 77.4875 152.4625
89.375 242.5 78.98125 267.55625
89.375 276.25 78.76875 306.4875
90.625 135.0 80.5375 145.2875
90.625 247.5 80.4875 273.8625
91.25 128.75 81.08125 138.34375
91.875 20.625 80.90625 14.925
94.375 188.75 84.58125 207.03125
95.625 203.75 85.61875 223.625
98.125 188.125 88.53125 205.45625
98.75 278.125 89.29375 307.8125
100.0 296.875 90.7875 329.2625
101.25 190.625 91.65 209.05
101.25 111.25 91.4875 117.975
103.75 260.0 94.425 287.95625
105.625 153.75 96.11875 166.85
105.625 162.5 95.94375 176.025
110.0 291.875 101.18125 323.45625
109.375 301.875 100.31875 334.59375
110.0 287.5 101.175 318.375
111.25 237.5 102.80625 261.25625
112.5 121.875 103.6125 130.29375
113.125 188.125 105.61875 205.7625
115.625 109.375 107.40625 116.6
116.25 204.375 107.9 224.3375
118.125 131.25 109.3 140.8875
118.75 121.875 110.15 129.65
120.0 171.875 111.76875 186.80625
120.625 190.0 112.51875 208.075
121.25 105.625 114.8125 112.2375
121.25 125.625 113.425 134.3875
121.875 296.875 114.4 328.35
123.125 210.0 115.6625 230.08125
125.0 216.875 117.1625 237.9
126.25 240.0 117.6875 263.5875
126.25 243.125 117.2625 267.16875
126.25 276.875 117.6 305.36875
126.25 208.125 118.6875 228.0125
128.75 296.875 121.4875 327.73125
130.0 280.625 121.4625 309.30625
130.0 300.0 122.6125 331.5625
130.625 220.625 122.875 242.05625
132.5 288.125 124.84375 318.16875
136.25 189.375 129.38125 207.03125
138.125 225.625 131.64375 247.3375
138.75 304.375 132.25 336.2375
143.75 220.625 137.23125 241.29375
147.5 212.5 141.075 232.66875
150.625 236.25 144.5125 259.1
152.5 299.375 146.425 329.7375
155.0 301.875 149.46875 332.43125
156.875 300.0 150.8125 330.4875
156.875 305.0 151.24375 335.73125
156.875 261.25 151.56875 286.51875
158.125 251.875 152.83125 275.91875
158.75 208.125 152.83125 227.56875
161.875 236.875 156.33125 259.8125
161.875 186.25 156.2875 202.7625
161.875 208.125 155.725 227.3375
162.5 163.75 155.98125 177.6125
162.5 240.625 157.00625 264.0875
164.375 244.375 158.15625 267.48125
165.625 150.0 159.60625 162.23125
166.25 146.875 159.79375 159.0625
166.25 295.0 160.63125 324.60625
166.25 307.5 161.025 338.44375
166.25 274.375 161.075 301.65
166.875 282.5 161.26875 309.64375
166.875 265.625 161.2125 291.275
166.875 265.625 161.2125 291.275
166.875 290.0 161.6125 318.55
167.5 238.125 162.6 260.8
168.125 298.75 162.63125 328.45
169.375 142.5 163.3375 153.6625
169.375 166.875 163.69375 181.125
170.0 169.375 164.0375 183.71875
173.75 143.75 168.025 155.825
173.125 289.375 168.19375 317.9875
176.25 144.375 170.94375 155.9125
176.875 191.875 171.40625 208.64375
176.875 273.125 172.05625 299.4625
177.5 236.875 172.6625 259.525
177.5 281.875 172.7375 309.2
178.75 141.25 173.58125 152.55
180.0 231.875 174.8125 253.73125
180.0 303.125 175.13125 332.71875
180.625 262.5 175.525 287.59375
186.25 293.75 181.39375 321.99375
188.75 193.125 184.35625 210.23125
190.0 262.5 185.8 287.4625
190.0 303.125 185.5 332.00625
193.125 292.5 188.7375 320.625
196.25 175.625 192.04375 190.94375
196.25 251.875 191.61875 275.1125
196.875 260.625 192.3625 285.175
197.5 274.375 193.3 300.6
198.125 238.75 193.71875 260.64375
198.125 271.25 193.525 296.8125
198.75 233.125 194.63125 254.60625
199.375 193.125 195.075 210.725
200.0 253.125 195.375 276.28125
200.0 296.25 195.7125 324.28125
200.625 225.625 196.6 245.76875
200.625 225.625 196.6 245.76875
201.25 209.375 196.9 228.21875
201.875 297.5 197.5375 325.48125
203.75 295.625 199.925 323.16875
206.25 297.5 202.06875 325.31875
206.875 201.25 203.10625 218.73125
206.875 201.25 203.10625 218.73125
208.125 293.125 203.7 320.5
208.125 293.125 203.7 320.5
209.375 208.75 205.14375 227.31875
211.25 274.375 207.175 300.14375
212.5 238.75 208.06875 260.625
212.5 238.75 208.06875 260.625
214.375 203.75 210.41875 221.7875
214.375 233.125 210.44375 253.75625
214.375 226.25 210.4875 246.61875
214.375 226.25 210.4875 246.61875
215.0 285.625 210.59375 312.1
216.25 138.125 212.19375 149.58125
215.625 255.0 211.79375 278.175
217.5 251.875 213.84375 274.875
217.5 284.375 213.55 310.60625
218.125 288.125 213.9125 314.1125
220.625 189.375 216.75625 205.8375
220.625 241.875 216.6125 263.60625
220.625 246.875 216.775 268.69375
221.25 288.125 217.4625 314.18125
221.25 300.625 217.2375 328.3125
221.25 292.5 217.4875 319.025
225.0 221.25 221.6625 241.11875
225.0 242.5 221.39375 263.5125
225.0 259.375 221.60625 282.3375
227.5 277.5 223.83125 302.475
227.5 277.5 223.83125 302.475
228.75 299.375 224.79375 326.46875
230.0 242.5 226.0 263.68125
230.0 199.375 226.29375 216.90625
231.875 296.875 227.8625 323.30625
231.875 140.625 227.4375 152.28125
233.125 158.75 228.225 171.38125
232.5 168.125 227.98125 181.5375
232.5 239.375 228.79375 260.875
233.125 250.625 229.475 272.3125
233.125 279.375 229.54375 304.7125
236.25 209.375 232.34375 227.225
236.25 211.25 232.74375 229.8375
236.875 250.625 232.7875 272.06875
238.125 156.25 233.68125 169.1375
238.75 263.125 234.8 286.80625
239.375 255.625 235.825 278.3375
239.375 255.625 235.825 278.3375
240.0 218.125 236.33125 237.34375
240.0 279.375 236.575 304.29375
241.25 209.375 237.11875 227.0125
241.25 206.25 237.64375 223.95625
241.25 283.125 237.81875 307.725
241.875 142.5 237.225 153.63125
241.875 290.625 238.3125 316.0
241.875 290.625 238.3125 316.0
241.875 294.375 238.61875 320.825
242.5 150.625 238.05625 162.9625
242.5 160.0 237.86875 172.96875
243.125 216.25 239.31875 234.39375
243.125 235.625 239.33125 255.58125
244.375 222.5 240.525 241.64375
244.375 286.25 240.7625 311.24375
244.375 286.25 240.7625 311.24375
245.0 244.375 241.33125 265.24375
245.0 244.375 241.33125 265.24375
245.625 283.125 241.75625 307.43125
246.875 292.5 242.9375 318.00625
246.875 200.625 243.7875 217.45
248.125 249.375 244.48125 270.7
248.125 290.625 244.81875 316.11875
250.0 226.875 246.16875 246.6
251.25 295.0 247.4125 320.49375
252.5 218.75 248.375 237.41875
253.125 253.75 249.31875 275.73125
253.75 182.5 249.5375 197.6875
253.75 236.875 250.475 257.2875
255.0 231.25 251.45 251.04375
256.25 300.625 252.1 326.0375
256.25 244.375 252.4875 265.28125
257.5 283.125 254.0 307.36875
261.875 298.125 258.05625 323.69375
263.125 293.75 259.3875 318.675
264.375 154.375 259.84375 165.925
265.0 290.625 261.04375 314.85625
266.875 216.875 262.8875 234.66875
267.5 268.75 263.6125 291.325
268.125 180.625 264.48125 195.675
268.125 154.375 264.15 167.225
268.75 256.875 264.6 278.1
268.75 256.875 264.6 278.1
268.75 284.375 264.99375 308.41875
270.0 271.25 265.925 294.01875
270.0 250.0 266.1375 270.86875
270.0 250.0 266.1375 270.86875
271.25 231.875 267.6625 251.00625
271.875 181.875 267.8375 196.29375
272.5 219.375 268.19375 238.05625
275.0 140.625 271.18125 152.40625
280.625 216.875 276.6375 234.80625
280.625 216.875 276.6375 234.80625
283.125 219.375 279.23125 237.675
290.625 224.375 285.975 242.65
295.0 235.0 290.44375 254.15625
296.25 155.625 291.06875 168.45625
296.875 152.5 292.1875 164.925
303.75 210.625 298.93125 228.05625
305.0 196.25 300.1375 211.96875
309.375 286.25 304.575 309.0
309.375 286.25 304.575 309.0
312.5 258.75 307.55625 279.15
313.75 214.375 308.76875 231.03125
314.375 156.25 309.53125 169.175
315.625 286.25 311.01875 308.6125
315.625 295.0 310.86875 318.09375
318.125 196.875 312.99375 213.05
318.75 221.25 313.175 238.93125
318.75 225.625 313.73125 243.23125
318.75 232.5 313.44375 251.00625
318.75 235.625 313.55625 254.6875
24.375 177.5 6.5175 193.9875
26.875 196.875 9.191875 216.5625
26.25 248.125 8.049375 276.6875
26.875 318.125 8.76875 357.70625
27.5 285.0 10.449375 319.5625
28.75 233.75 11.308125 259.875
29.375 46.25 11.5275 41.690625
31.25 251.875 14.230625 280.4625
33.75 305.0 16.69875 342.53125
33.75 281.25 17.105 314.325
34.375 313.75 17.665 352.025
36.875 290.625 20.195625 325.5
41.875 290.0 26.2925 324.18125
41.875 290.0 26.2925 324.18125
44.375 178.75 29.28 195.7875
44.375 106.875 29.375 112.6
44.375 220.625 28.97625 243.56875
45.625 201.875 30.67375 221.9
46.25 204.375 30.87375 226.11875
46.25 216.875 31.47875 239.4
47.5 50.0 31.929375 46.729375
50.0 30.0 35.003125 23.5875
50.0 293.75 35.064375 328.4875
50.625 197.5 36.211875 217.19375
53.125 140.625 38.579375 151.8375
53.125 268.125 38.10375 298.7125
53.75 126.875 38.556875 135.40625
54.375 67.5 39.98375 66.89375
55.0 46.875 40.3625 43.43375
55.0 16.25 40.5 8.351875
55.0 27.5 40.56375 20.87875
55.0 120.0 40.471875 127.64375
56.25 219.375 41.955 242.29375
56.875 260.0 42.47375 288.88125
56.875 269.375 42.309375 299.45625
56.875 269.375 42.309375 299.45625
57.5 248.125 42.42 275.58125
57.5 256.875 42.665625 285.39375
58.125 136.25 43.636875 146.45
58.75 132.5 43.84875 141.61875
58.75 132.5 43.84875 141.61875
58.75 202.5 45.143125 223.1
61.25 103.75 47.78875 109.6875
61.25 303.75 48.2325 339.1875
61.875 251.875 48.47 279.4375
63.125 121.25 49.0175 129.4375
63.125 147.5 49.073125 159.23125
63.125 151.875 48.754375 164.15625
63.75 142.5 49.84125 153.4125
70.0 298.75 57.615625 333.21875
70.0 155.625 57.363125 169.18125
70.625 238.125 58.7875 263.9625
71.875 28.125 59.36625 22.4375
73.125 114.375 61.086875 120.975
82.5 106.875 71.375 113.0125
82.5 106.875 71.375 113.0125
81.875 234.375 70.88125 259.425
86.25 281.25 75.675 312.14375
86.875 259.375 75.88125 286.9625
86.875 259.375 75.88125 286.9625
87.5 15.0 76.4875 8.58625
88.125 293.75 76.9375 326.78125
89.375 270.0 79.25625 299.2125
90.625 199.375 80.5125 218.9875
90.625 199.375 80.5125 218.9875
91.25 287.5 81.20625 318.6875
91.875 256.25 82.05625 283.4125
92.5 258.125 82.2875 286.2875
95.625 241.875 85.70625 267.45
95.625 286.875 85.45625 318.08125
96.875 269.375 86.93125 298.33125
96.875 269.375 86.93125 298.33125
98.125 260.625 88.55625 288.4625
98.125 260.625 88.55625 288.4625
102.5 130.0 92.74375 140.15625
105.625 150.625 96.1 162.30625
105.625 146.875 96.2625 158.35625
110.0 270.0 100.875 298.55
113.125 198.125 104.46875 217.10625
113.125 215.625 104.36875 237.14375
113.125 215.625 104.36875 237.14375
114.375 230.625 106.19375 253.4625
115.0 140.625 105.675 151.61875
115.0 148.125 105.55 159.64375
115.0 131.875 105.85625 141.90625
115.625 291.875 107.225 323.05625
116.25 296.875 108.19375 329.075
116.875 274.375 107.7625 302.7625
116.875 280.0 107.54375 308.93125
116.875 283.75 107.775 313.175
121.25 181.25 112.66875 198.11875
121.25 213.125 112.90625 234.45625
121.25 308.75 113.63125 342.1875
123.75 133.75 116.1125 143.8125
125.0 186.875 116.95 203.98125
130.0 240.625 121.45625 264.65
130.0 240.625 121.45625 264.65
137.5 296.25 130.79375 327.24375
141.25 190.0 134.1875 207.14375
143.125 200.0 136.4 218.56875
144.375 245.0 136.56875 268.7875
144.375 247.5 136.8 271.43125
146.875 185.625 140.00625 202.51875
150.625 290.0 144.5375 319.10625
152.5 212.5 146.31875 232.6375
161.875 153.75 155.9875 166.0125
162.5 148.125 156.0125 160.2875
163.75 135.625 157.13125 145.94375
166.25 162.5 159.7875 176.0625
165.625 215.625 160.5 236.20625
170.0 140.0 163.625 150.95625
170.0 157.5 163.65625 170.53125
170.0 151.25 164.24375 163.5125
170.0 160.0 163.6625 173.73125
170.0 173.125 164.01875 187.83125
170.625 145.625 164.425 157.54375
170.0 148.75 164.025 160.11875
170.625 288.75 165.33125 316.88125
172.5 187.5 167.46875 204.275
173.75 177.5 168.06875 193.1375
175.625 150.625 170.39375 163.69375
183.75 297.5 178.78125 326.24375
186.875 158.125 182.05 171.03125
191.875 164.375 187.4125 178.76875
195.0 301.25 190.5875 330.18125
196.875 306.25 192.23125 335.33125
197.5 288.75 193.3125 315.88125
197.5 186.875 193.775 203.31875
201.25 274.375 197.34375 300.03125
201.25 281.25 196.575 307.5625
202.5 291.875 198.21875 319.58125
203.75 252.5 199.675 275.95
205.0 243.75 200.9 266.0625
205.0 243.75 200.9 266.0625
208.125 288.75 204.09375 315.59375
208.125 275.0 204.25625 300.6375
220.625 191.875 216.64375 208.78125
220.625 229.375 216.69375 249.90625
220.0 238.125 216.50625 259.6625
220.0 244.375 216.49375 266.09375
220.625 249.375 216.69375 272.1875
220.625 207.5 216.84375 225.60625
220.625 210.625 216.76875 229.05625
220.625 252.5 216.7875 275.2625
220.625 268.125 216.86875 292.3125
220.625 283.75 216.925 309.85
220.625 296.25 217.0375 322.8625
221.25 140.625 217.5125 151.6125
221.25 304.375 217.2875 332.43125
225.0 185.0 221.38125 201.15625
225.0 205.0 221.7375 223.0875
225.625 265.625 222.0125 289.71875
225.625 300.0 221.725 327.325
228.125 245.625 224.2875 267.01875
228.125 248.75 224.2 270.81875
231.25 300.625 227.40625 327.6875
233.125 152.5 228.5 165.30625
233.125 292.5 229.39375 318.65
235.0 288.125 230.95 313.4875
235.0 288.125 230.95 313.4875
235.625 176.875 231.2125 191.14375
235.625 176.875 231.2125 191.14375
242.5 168.75 237.65 182.85
245.625 166.25 241.31875 180.33125
245.625 156.875 241.6125 169.76875
251.875 282.5 247.825 306.85625
252.5 212.5 248.71875 230.675
252.5 250.0 248.61875 271.28125
253.75 286.875 249.19375 311.725
254.375 142.5 249.95 153.7125
255.0 201.875 251.13125 219.1375
255.0 260.625 251.25625 282.9875
255.0 260.625 251.25625 282.9875
256.875 293.125 253.0375 318.33125
260.0 249.375 256.175 270.91875
260.0 249.375 256.175 270.91875
260.0 213.125 256.15 231.36875
260.625 243.75 256.8125 264.4375
261.875 270.625 258.20625 293.70625
262.5 281.875 258.7 306.1375
263.125 240.625 258.79375 260.6375
263.75 246.875 259.8625 267.61875
263.75 246.875 259.8625 267.61875
264.375 260.0 260.44375 281.90625
267.5 168.125 263.40625 181.13125
268.125 157.5 263.89375 170.125
270.625 263.75 266.28125 286.2
325.0 241.875 319.80625 260.88125
327.5 223.75 322.95 241.63125
331.25 215.625 326.7625 233.225
340.0 230.625 337.48125 248.6
345.0 211.875 343.09375 228.78125
345.625 217.5 343.6 235.425
347.5 241.875 346.1375 260.9125
351.875 211.25 351.45625 228.6125
353.125 208.125 352.16875 224.95625
353.125 208.125 352.16875 224.95625
355.0 199.375 354.525 215.96875
355.625 202.5 354.5375 219.38125
356.25 213.125 356.2625 231.075
356.875 160.0 355.75 174.08125
356.875 186.25 356.15 201.8
357.5 210.0 357.93125 227.66875
357.5 210.0 357.93125 227.66875
358.125 199.375 358.15625 215.975
362.5 161.25 363.01875 174.9125
370.0 205.625 372.15625 223.3
371.875 218.125 375.2375 236.69375
380.625 188.125 384.225 204.61875
383.125 242.5 387.1875 263.1625
386.25 221.25 391.81875 240.375
395.0 216.875 400.85 236.0875
398.125 209.375 404.825 228.08125
399.375 173.75 406.29375 189.94375
403.125 146.875 409.96875 162.325
409.375 208.75 417.225 227.73125
416.25 175.0 426.0 192.325
418.125 198.125 427.8125 216.74375
418.75 176.875 428.7375 194.40625
420.625 166.25 430.9875 182.8625
421.25 208.125 431.225 227.2875
421.875 149.375 432.525 164.7
427.5 195.0 438.66875 213.94375
428.125 160.625 439.73125 177.175
432.5 235.0 444.55625 256.25625
436.25 197.5 449.7 216.33125
436.25 226.25 449.075 247.1
437.5 144.375 450.175 160.05
438.125 158.125 451.65 175.25625
438.125 278.75 450.7625 302.95
440.625 158.125 454.19375 174.35
441.25 205.625 454.775 225.3625
445.0 193.125 459.08125 211.9625
445.625 139.375 458.30625 154.925
446.875 197.5 460.86875 217.0
449.375 217.5 464.5875 237.96875
453.125 185.625 468.71875 204.4625
453.75 188.75 469.30625 208.0125
453.75 274.375 468.83125 298.46875
455.625 153.125 471.49375 170.44375
456.875 204.375 472.39375 224.15
456.875 206.875 472.7 227.6125
456.875 212.5 472.825 232.9125
456.875 217.5 473.0625 238.39375
457.5 226.25 473.35 247.86875
457.5 298.125 473.2875 323.3
458.125 269.375 474.2875 293.65
458.125 286.875 474.06875 311.8
460.625 192.5 476.81875 212.29375
461.25 210.625 477.55 230.74375
461.25 221.25 477.50625 242.55
461.25 226.25 477.59375 248.04375
462.5 261.25 478.31875 284.80625
462.5 276.875 478.5375 301.9875
465.625 160.625 481.8625 178.5375
466.25 247.5 483.23125 270.8
466.875 207.5 483.45625 228.51875
468.125 221.875 484.75625 243.4625
468.125 298.125 485.4625 324.05
470.0 230.0 486.96875 251.86875
470.625 168.125 487.55625 186.98125
475.625 231.25 493.9875 253.425
475.625 231.25 493.9875 253.425
476.25 155.0 494.65 172.83125
477.5 225.0 495.24375 246.4125
478.125 233.125 496.88125 255.63125
480.625 210.0 499.3375 231.08125
483.75 227.5 502.8125 249.575
483.75 209.375 503.20625 230.25625
484.375 219.375 503.5875 241.51875
485.625 204.375 504.96875 224.63125
485.625 169.375 504.95 188.8
485.625 212.5 505.4625 234.06875
487.5 160.625 506.73125 179.73125
488.75 204.375 508.675 225.6375
488.75 212.5 508.41875 233.925
490.625 179.375 511.13125 198.75625
491.25 175.625 511.375 195.225
493.125 204.375 513.14375 225.1
495.0 175.625 515.35625 194.90625
496.875 235.625 517.5625 258.30625
498.75 208.125 519.7875 229.91875
500.0 205.0 521.45 226.21875
501.25 282.5 522.0 308.08125
501.875 227.5 522.7875 249.975
501.875 239.375 523.5125 262.71875
506.875 191.25 528.875 211.8625
508.125 140.625 530.40625 159.05625
508.125 210.625 530.3375 232.875
508.125 210.625 530.3375 232.875
508.75 227.5 531.225 250.175
510.625 144.375 534.53125 162.40625
510.625 275.625 532.675 300.75625
510.625 291.875 533.06875 318.29375
513.125 159.375 536.075 178.69375
512.5 171.875 535.9875 191.65
513.125 264.375 536.075 289.6125
513.75 125.0 536.925 142.55
514.375 234.375 537.45625 257.24375
516.25 246.875 539.975 270.68125
516.25 218.125 540.23125 240.825
517.5 218.125 540.23125 240.825
517.5 196.25 541.35 217.79375
518.125 293.125 541.0125 319.60625
520.625 245.625 544.70625 269.60625
522.5 226.875 546.56875 249.775
523.75 260.625 548.09375 285.66875
524.375 250.625 548.25 275.24375
524.375 237.5 549.09375 261.425
525.0 289.375 549.725 315.69375
526.25 293.125 550.16875 319.80625
526.25 300.0 550.8875 327.20625
527.5 279.375 551.86875 305.19375
527.5 283.125 551.85625 309.04375
527.5 213.75 552.39375 236.55625
527.5 213.75 552.39375 236.55625
529.375 265.0 555.24375 290.13125
530.0 201.875 555.25 224.15
530.625 293.125 555.575 319.775
530.625 293.125 555.575 319.775
530.625 260.625 555.8875 285.5625
530.625 275.0 555.4625 300.8
530.625 212.5 555.84375 235.28125
531.25 144.375 555.7875 163.24375
532.5 253.125 558.1625 278.38125
534.375 290.625 559.175 317.0875
536.875 215.625 562.53125 239.10625
537.5 125.0 564.4625 143.375
538.75 265.0 564.44375 290.275
540.625 205.0 567.03125 227.40625
540.625 219.375 566.85625 242.43125
540.625 146.875 567.94375 166.1375
541.25 293.75 567.075 320.74375
541.875 193.125 568.09375 215.74375
542.5 175.625 569.9625 196.90625
543.75 237.5 571.18125 261.5875
544.375 157.5 571.65 177.74375
544.375 205.0 571.5375 227.84375
545.625 186.875 572.725 208.75
545.625 186.875 572.725 208.75
546.875 160.0 574.775 180.59375
546.875 200.0 574.4875 222.70625
548.125 253.75 575.68125 279.31875
548.75 251.25 576.31875 276.26875
548.75 146.25 576.83125 166.025
549.375 165.625 576.675 186.6125
548.75 248.125 576.34375 273.11875
549.375 224.375 577.1875 248.66875
551.25 200.0 579.25 222.85
551.25 273.125 578.64375 299.21875
551.25 285.625 578.925 312.6875
552.5 205.0 580.625 227.9625
553.75 126.25 581.60625 145.7125
554.375 130.0 582.65 148.71875
556.25 267.5 583.90625 293.54375
556.875 204.375 584.48125 227.28125
556.25 270.625 584.19375 296.7375
556.875 294.375 585.19375 321.39375
558.125 286.875 586.78125 313.775
558.75 117.5 587.23125 135.95625
558.125 159.375 587.175 180.6
561.875 283.125 590.325 309.98125
562.5 137.5 591.50625 157.5625
562.5 175.0 591.9125 196.71875
563.75 186.875 592.925 209.13125
566.25 195.625 595.54375 218.25625
566.25 234.375 594.25 258.84375
566.875 151.875 596.6625 172.76875
573.75 177.5 604.19375 199.74375
573.75 177.5 604.19375 199.74375
578.125 206.25 609.36875 229.71875
581.25 291.25 611.95625 319.09375
583.75 173.125 615.825 195.075
583.75 141.875 616.35 162.7375
586.875 185.0 619.00625 207.7625
586.875 185.0 619.00625 207.7625
587.5 291.875 618.6625 319.5625
587.5 176.25 620.15625 198.96875
588.125 155.625 620.725 177.39375
588.75 193.75 621.3375 217.2125
588.75 193.75 621.3375 217.2125
589.375 160.625 621.75 182.3125
589.375 268.125 619.8 294.5875
590.0 164.375 622.51875 186.08125
591.25 284.375 623.85 312.00625
593.125 151.875 625.9375 173.6
593.125 175.625 625.8125 198.3375
593.125 175.625 625.8125 198.3375
593.75 158.125 627.125 180.35
593.75 158.125 627.125 180.35
595.0 189.375 628.125 212.525
598.125 173.75 631.875 196.58125
598.125 236.875 632.125 262.4875
598.125 204.375 631.9375 228.75625
599.375 180.0 632.9375 203.0875
339.375 165.625 336.2375 180.30625
339.375 161.875 336.39375 174.75625
340.0 176.875 336.76875 191.09375
343.75 167.5 341.0875 181.13125
350.625 195.0 349.71875 211.175
351.25 243.125 350.825 262.59375
351.25 243.125 350.825 262.59375
363.75 216.25 364.59375 234.525
372.5 208.75 374.95 226.59375
376.25 226.25 380.0 245.6875
376.25 226.25 380.0 245.6875
376.875 230.0 379.95625 249.10625
377.5 150.0 381.16875 163.825
377.5 150.0 381.16875 163.825
378.75 208.125 382.85625 226.79375
379.375 193.75 383.225 211.1375
380.0 191.25 384.14375 208.11875
380.625 203.75 384.41875 221.6625
385.0 207.5 389.46875 225.6625
386.875 213.75 391.91875 232.68125
400.0 225.625 406.85 245.29375
413.75 204.375 422.35625 223.175
430.0 164.375 442.1375 181.45
431.875 197.5 444.28125 216.63125
433.125 168.125 445.50625 184.96875
434.375 159.375 447.56875 175.6375
435.625 155.0 448.36875 171.2625
438.125 190.0 450.8375 208.83125
441.875 141.875 455.43125 157.6625
444.375 142.5 457.93125 158.38125
444.375 247.5 457.925 270.30625
448.75 147.5 461.58125 164.325
448.75 248.125 462.81875 270.55
448.75 205.625 463.675 225.1875
448.75 205.625 463.675 225.1875
449.375 163.75 462.61875 180.96875
450.0 167.5 462.85625 185.425
450.0 173.75 463.06875 191.5375
450.0 173.75 463.06875 191.5375
450.0 278.75 464.4375 302.9625
450.625 133.125 465.6375 148.425
455.625 191.25 471.93125 210.46875
456.25 195.625 471.90625 215.58125
456.25 200.625 472.41875 220.425
457.5 246.875 473.06875 270.18125
457.5 257.5 473.69375 280.5875
458.125 279.375 473.8875 303.86875
458.125 283.125 473.775 307.6
459.375 134.375 475.99375 150.01875
460.0 150.0 476.06875 167.2125
460.0 150.0 476.06875 167.2125
460.0 155.0 475.9125 171.9375
460.0 157.5 475.9875 174.6375
460.625 195.625 477.2 215.575
461.25 201.25 477.3375 220.7125
461.25 213.125 477.65625 233.55625
461.875 130.625 478.5 146.48125
461.875 248.125 478.2125 271.01875
463.125 145.625 479.76875 162.3875
465.0 175.0 481.83125 193.28125
468.75 301.875 485.9375 327.575
471.25 263.125 488.0375 287.28125
482.5 231.25 501.9625 253.5
485.0 235.0 504.39375 257.6375
485.0 201.875 504.43125 222.88125
485.0 198.75 504.59375 219.4
486.25 165.625 506.59375 184.6875
488.125 153.125 507.79375 171.45625
488.125 193.75 507.9875 214.2875
491.875 188.125 512.26875 208.69375
493.75 146.25 514.53125 164.2375
495.0 179.375 515.9625 199.05625
496.875 191.875 517.775 212.1875
496.875 191.875 517.775 212.1875
497.5 203.75 518.55 225.325
499.375 195.625 520.49375 216.55625
499.375 195.625 520.49375 216.55625
501.25 235.0 523.16875 257.9125
502.5 207.5 523.64375 229.69375
505.625 268.125 527.71875 292.6
506.25 154.375 528.475 173.25625
506.25 200.0 528.74375 221.35625
506.25 218.75 528.34375 241.03125
506.25 271.25 528.125 296.50625
507.5 203.75 530.14375 225.1375
508.125 207.5 530.09375 229.35625
508.75 158.75 532.7125 177.69375
509.375 250.625 531.2625 274.83125
509.375 255.0 531.8375 279.43125
509.375 263.75 532.18125 288.4125
510.0 154.375 532.875 173.30625
511.875 176.875 534.69375 196.94375
511.875 233.75 534.6375 257.58125
513.75 146.875 537.3 165.2375
513.125 288.125 536.06875 314.5375
518.125 251.25 542.33125 275.3875
518.75 206.25 543.0625 228.5375
520.0 123.125 544.04375 140.94375
520.625 289.375 544.825 315.6375
521.25 233.125 545.5 256.61875
521.25 233.125 545.5 256.61875
521.875 150.625 545.425 168.8375
522.5 171.25 546.1125 191.6625
523.75 222.5 548.05625 245.25625
523.125 241.25 547.85 265.20625
526.25 226.25 550.59375 249.5625
526.875 145.0 550.7 163.8125
526.875 206.25 551.7 228.20625
526.875 206.25 551.7 228.20625
530.0 216.875 554.8625 239.9125
530.625 279.375 555.66875 305.09375
530.625 288.75 555.125 315.625
530.625 140.625 555.4875 158.90625
533.125 225.0 558.88125 248.64375
537.5 121.875 564.725 139.74375
542.5 131.25 569.59375 150.225
545.0 139.375 572.0625 159.19375
545.0 233.125 572.0 256.94375
545.625 163.75 573.1625 184.54375
546.25 131.25 573.71875 150.1
546.25 229.375 573.1375 253.06875
546.875 123.75 574.48125 142.54375
547.5 211.875 574.95 234.90625
551.875 140.0 580.54375 159.4375
552.5 166.25 581.2375 187.14375
553.75 148.75 583.88125 168.78125
557.5 192.5 586.05 214.925
557.5 192.5 586.05 214.925
564.375 300.625 593.50625 328.675
565.625 191.875 595.375 214.48125
566.875 177.5 596.83125 199.49375
567.5 185.0 596.95625 207.75
568.75 158.125 599.50625 179.23125
575.625 188.75 607.1 211.625
576.25 198.75 606.7875 221.96875
576.875 203.125 607.6875 226.30625
577.5 173.75 608.36875 195.34375
578.125 221.25 607.79375 245.5625
583.125 201.875 615.1375 225.5
583.75 180.0 615.875 202.875
583.75 180.0 615.875 202.875
583.75 131.25 615.8625 151.85625
587.5 209.375 620.3875 233.23125
588.125 197.5 620.68125 221.08125
588.125 197.5 620.68125 221.08125
588.75 129.375 621.325 149.70625
590.625 220.625 622.98125 244.95625
597.5 208.125 631.0625 232.8375
598.125 171.875 632.25 194.8125
331.875 219.375 327.525 237.025
352.5 189.375 351.28125 204.96875
354.375 228.125 353.65625 246.8375
354.375 228.125 353.65625 246.8375
390.0 251.875 395.56875 273.05
391.25 225.625 397.16875 245.30625
426.25 223.75 436.98125 244.18125
436.25 267.5 448.6125 290.58125
436.875 209.375 449.35 229.4
441.875 134.375 455.50625 149.625
445.625 283.125 459.94375 307.4
445.625 283.125 459.94375 307.4
448.75 253.125 462.65 275.8625
448.75 200.625 463.00625 220.7
448.75 200.625 463.00625 220.7
449.375 288.75 463.875 313.1
449.375 158.125 462.4375 175.04375
453.75 221.25 468.33125 242.48125
456.875 232.5 472.9875 254.2125
462.5 253.75 478.6 277.61875
462.5 257.5 478.56875 281.3375
462.5 263.75 478.66875 287.525
473.75 163.75 491.175 182.1125
473.75 163.75 491.175 182.1125
483.125 153.75 502.04375 171.70625
490.0 218.75 509.88125 240.625
492.5 208.125 512.75 229.3
500.625 223.75 521.6875 245.975
500.625 223.75 521.6875 245.975
503.75 120.625 526.1125 137.34375
505.625 282.5 527.8375 307.88125
506.875 246.25 528.9125 270.44375
510.0 238.125 532.16875 261.8
514.375 202.5 538.40625 224.29375
515.625 207.5 539.2875 229.26875
520.0 303.75 543.825 331.15
521.25 195.625 545.175 216.94375
523.75 233.75 547.9875 257.275
525.0 254.375 549.7 279.1375
525.625 259.375 550.49375 284.43125
525.625 259.375 550.49375 284.43125
526.875 188.75 551.29375 210.3875
530.0 121.875 555.575 139.75625
532.5 205.625 558.375 228.13125
532.5 205.625 558.375 228.13125
539.375 289.375 565.75625 316.55625
540.0 210.0 566.1875 232.69375
543.75 256.875 570.14375 282.18125
545.0 149.375 572.71875 169.35
546.875 216.25 575.05625 240.4125
548.75 281.875 575.64375 308.61875
551.875 193.125 580.0875 215.05625
558.125 187.5 586.71875 209.68125
560.0 244.375 587.475 269.46875
560.625 290.0 589.80625 317.11875
560.625 290.0 589.80625 317.11875
564.375 171.25 594.2375 192.875
564.375 203.75 594.03125 226.875
567.5 290.625 597.19375 318.0375
570.625 173.75 600.8125 195.34375
571.875 168.75 602.55 190.775
578.75 216.25 609.6125 240.5625
583.75 161.25 615.78125 183.06875
320.625 258.75 315.45 278.8625
320.625 243.125 315.3375 262.64375
322.5 178.75 317.05625 192.83125
326.25 225.625 321.1375 243.39375
326.25 228.125 321.0625 246.05
331.25 188.125 326.83125 203.25625
331.25 174.375 326.7625 188.7625
333.125 183.75 329.375 198.58125
333.75 180.0 329.69375 195.0125
338.125 185.625 335.05 200.98125
342.5 221.875 340.88125 239.5625
349.375 198.75 347.88125 215.3375
349.375 198.75 347.88125 215.3375
350.0 212.5 349.06875 229.8375
359.375 220.625 359.65 238.84375
361.25 225.625 361.85 244.5375
365.625 204.375 366.69375 221.95
366.25 207.5 367.44375 225.2625
365.625 217.5 367.13125 235.6125
366.25 211.25 367.225 228.99375
366.25 211.25 367.225 228.99375
368.75 149.375 370.61875 162.975
372.5 206.875 375.275 224.3625
373.75 219.375 376.1875 238.49375
382.5 236.25 386.6625 256.2
383.125 164.375 387.28125 179.75
384.375 171.875 389.0375 188.125
385.0 237.5 389.625 257.9125
385.0 237.5 389.625 257.9125
388.75 179.375 393.8625 195.8625
390.625 228.125 396.7375 248.14375
395.0 211.875 401.15 230.4625
400.0 169.375 407.54375 184.83125
400.625 192.5 407.875 210.4
400.625 233.75 407.425 254.075
400.625 233.75 407.425 254.075
409.375 165.625 418.0375 181.475
409.375 152.5 417.925 168.125
410.0 182.5 418.64375 200.225
411.25 214.375 420.01875 233.6875
411.25 214.375 420.01875 233.6875
413.75 186.875 422.91875 204.51875
413.75 173.75 422.90625 190.11875
417.5 151.25 427.41875 166.35
420.625 206.25 430.60625 225.46875
421.25 141.875 431.10625 157.15
421.25 188.125 431.5875 206.34375
421.25 188.125 431.5875 206.34375
421.25 188.125 431.5875 206.34375
421.25 173.125 432.0 190.03125
421.875 196.25 432.6875 214.7375
421.875 196.25 432.6875 214.7375
426.875 177.5 438.3625 195.46875
431.25 241.875 442.6625 263.15625
431.875 193.125 444.79375 211.4375
435.0 240.0 447.2125 261.50625
436.25 224.375 448.275 245.11875
436.25 224.375 448.275 245.11875
440.625 204.375 453.5375 223.65
442.5 152.5 455.4625 168.35625
442.5 168.125 455.61875 185.45
442.5 188.125 455.95 207.075
444.375 191.25 457.7375 210.5
449.375 183.75 464.16875 202.24375
449.375 268.75 463.525 292.44375
450.0 143.125 463.7875 158.725
450.625 219.375 464.80625 239.90625
451.25 259.375 465.65625 282.84375
451.25 259.375 465.65625 282.84375
451.25 190.625 466.225 209.9
451.25 198.75 466.36875 218.38125
451.875 241.875 466.38125 264.3125
451.875 224.375 466.425 245.5375
451.875 224.375 466.425 245.5375
453.125 142.5 468.20625 157.9625
453.125 203.125 467.95 222.95
455.625 189.375 471.48125 208.71875
456.25 251.25 470.90625 274.36875
456.875 281.25 472.14375 305.90625
459.375 225.625 475.38125 247.45
98.75 78.125 86.84375 80.625
136.875 62.5 124.2 63.16875
147.5 80.0 137.325 83.375
152.5 94.375 144.7875 99.69375
184.375 92.5 176.58125 98.1625
191.25 40.0 175.74375 39.65125
191.25 40.0 175.74375 39.65125
200.625 105.0 194.3625 112.14375
200.625 105.0 194.3625 112.14375
201.875 56.875 188.45 58.539375
208.75 45.625 193.4125 46.2225
211.875 49.375 197.3375 50.664375
211.875 49.375 197.3375 50.664375
213.75 63.125 201.03125 66.1125
213.75 63.125 201.03125 66.1125
215.0 52.5 200.7 53.891875
215.0 52.5 200.7 53.891875
219.375 60.0 205.81875 62.5125
219.375 53.75 205.44375 55.843125
221.875 51.875 207.7625 53.884375
223.125 61.875 209.6375 64.4625
223.125 61.875 209.6375 64.4625
235.0 72.5 223.21875 76.25625
235.0 72.5 223.21875 76.25625
238.75 70.625 226.76875 74.70625
265.625 105.0 258.1375 112.64375
300.625 113.125 292.46875 121.75625
180.0 93.125 171.9 98.71875
206.875 38.75 190.2875 38.775
206.875 38.75 190.2875 38.775
211.25 55.0 197.625 56.785
215.625 78.75 204.74375 82.80625
272.5 115.625 266.35 124.60625
138.125 50.625 124.04375 50.083125
231.25 40.625 215.11875 41.58125
238.125 75.625 227.00625 79.925
265.625 109.375 258.05 117.8375
96.25 90.625 85.76875 95.2875
118.75 75.625 106.65625 78.01875
122.5 86.875 112.84375 91.04375
125.625 75.0 114.18125 77.20625
126.25 90.0 117.2125 94.64375
126.25 90.0 117.2125 94.64375
130.625 85.625 120.60625 89.8375
138.125 75.0 126.58125 77.2875
141.875 58.125 130.20625 58.72125
147.5 95.0 138.73125 99.9625
154.375 89.375 145.64375 93.83125
158.125 83.75 148.1875 88.25
160.0 96.875 152.69375 102.24375
165.0 88.125 156.075 93.225
183.75 94.375 175.66875 99.75625
200.625 101.875 193.85 108.85625
215.0 38.125 199.29375 38.26375
217.5 53.125 202.88125 54.504375
221.875 73.125 210.39375 76.6875
221.875 73.125 210.39375 76.6875
222.5 54.375 208.55625 55.99
222.5 54.375 208.55625 55.99
228.125 93.75 220.15625 99.9125
228.75 61.875 215.9125 64.8
239.375 65.625 226.825 68.96875
250.0 50.625 234.5375 53.1125
267.5 105.625 259.8625 113.2375
286.875 127.5 282.8 138.025
303.75 113.125 295.70625 121.5375
303.75 113.125 295.70625 121.5375
307.5 111.875 299.55 120.23125
158.125 80.625 148.73125 84.3625
173.75 90.0 165.24375 95.86875
173.75 86.25 165.1375 91.6
181.875 91.25 173.88125 96.73125
196.25 73.75 185.7125 77.0375
205.625 50.0 190.94375 50.880625
231.875 43.125 215.89375 44.226875
254.375 104.375 247.15 112.1
271.875 101.875 263.85625 109.50625
307.5 116.875 299.5875 125.96875
141.875 67.5 130.0375 69.325
164.375 93.125 156.025 98.21875
169.375 88.75 160.475 93.9375
172.5 95.625 164.6875 101.1875
263.75 103.75 255.83125 111.9
263.125 106.875 255.85625 115.2375
278.75 111.25 271.65 119.2875
143.125 74.375 131.5125 76.58125
255.625 100.625 248.14375 107.5625
313.125 126.875 306.875 137.5875
113.75 88.125 103.2125 92.08125
275.0 110.0 267.54375 118.41875
126.25 85.0 115.55625 88.15625
188.125 96.875 180.825 102.81875
148.75 78.125 138.75625 81.31875
176.875 95.625 168.6875 101.38125
207.5 79.375 197.46875 83.09375
231.875 70.0 219.71875 74.28125
101.875 88.125 90.88125 91.66875
178.125 90.625 169.55 95.9
220.0 90.625 211.56875 95.73125
170.0 98.75 162.775 105.91875
234.375 105.0 227.1875 112.98125
234.375 105.0 227.1875 112.98125
368.125 119.375 367.75 130.95
375.0 112.5 375.58125 123.3125
376.875 115.625 377.45 126.9625
385.625 53.125 379.46875 59.825625
386.25 113.75 388.6875 125.58125
393.125 50.0 388.35625 57.018125
393.125 53.75 388.575 60.80625
393.125 53.75 388.575 60.80625
400.0 86.875 401.11875 96.825
400.625 65.625 398.64375 74.44375
404.375 104.375 408.6 116.11875
411.25 51.25 408.7125 59.2525
411.25 61.25 410.3375 69.65625
412.5 36.875 409.075 44.2175
420.0 37.5 418.075 44.886875
420.0 37.5 418.075 44.886875
423.75 108.125 432.7875 120.7625
426.875 97.5 434.7 109.275
432.5 112.5 443.53125 125.8375
443.125 106.875 454.80625 120.65625
445.625 104.375 457.8375 117.19375
446.875 108.125 459.34375 121.975
446.875 108.125 459.34375 121.975
448.75 114.375 462.15 129.15
450.0 100.0 462.34375 113.33125
451.25 28.125 452.85 36.860625
455.0 115.625 470.38125 130.68125
456.25 110.625 471.0625 124.9875
456.25 110.625 471.0625 124.9875
457.5 28.75 459.5875 37.085
458.125 103.75 472.0875 117.7625
458.125 103.75 472.0875 117.7625
462.5 103.75 477.0875 117.63125
464.375 50.0 470.60625 60.266875
468.125 111.25 485.0375 126.0875
473.125 18.75 476.88125 27.28125
475.0 82.5 488.25625 94.99375
475.0 82.5 488.25625 94.99375
475.625 100.625 492.6 115.075
475.625 100.625 492.6 115.075
478.75 97.5 494.78125 111.8125
485.0 28.125 492.025 38.00125
490.0 75.625 505.0125 88.90625
493.75 31.875 501.73125 42.43625
498.125 18.125 505.525 27.829375
501.25 98.75 520.7875 113.83125
502.5 95.625 522.46875 110.7
502.5 82.5 520.99375 96.59375
510.0 103.125 532.0125 119.18125
512.5 11.875 520.8625 22.06625
521.875 11.875 531.60625 22.204375
535.625 76.875 557.66875 92.20625
535.625 86.25 559.025 102.1875
536.25 91.875 561.35625 108.49375
537.5 3.75 548.69375 15.190625
546.25 80.625 570.8625 96.5375
554.375 20.625 570.5875 33.378125
556.25 58.125 578.75625 73.1375
561.25 15.625 576.55625 28.8675
562.5 90.625 590.825 107.725
562.5 90.625 590.825 107.725
562.5 19.375 580.0 32.44625
562.5 19.375 580.0 32.44625
564.375 7.5 579.61875 19.471875
568.125 7.5 583.21875 20.5825
570.625 64.375 595.375 80.64375
572.5 45.625 595.14375 60.514375
576.25 7.5 592.68125 20.13
576.25 75.0 603.8375 91.45625
576.25 75.0 603.8375 91.45625
581.875 61.875 607.9375 78.51875
581.875 49.375 606.51875 65.1625
584.375 66.875 612.29375 83.65625
584.375 66.875 612.29375 83.65625
586.25 86.25 617.75 104.025
586.25 86.25 617.75 104.025
590.0 65.625 618.2125 82.94375
591.875 12.5 611.91875 26.235
595.625 80.625 627.375 98.5125
595.625 80.625 627.375 98.5125
597.5 76.875 628.8125 94.65625
598.125 55.0 626.4375 71.16875
600.625 63.75 630.5 80.75625
610.0 16.25 633.1875 31.145625
610.0 16.25 633.1875 31.145625
375.0 130.0 377.78125 142.7125
378.125 50.0 370.53125 56.324375
385.0 95.0 384.70625 105.7375
388.125 60.625 383.725 67.98125
395.625 103.75 398.2875 114.9625
400.0 75.625 399.54375 84.13125
411.25 55.0 410.1 62.8125
420.625 125.625 431.54375 139.93125
420.625 125.625 431.54375 139.93125
432.5 31.25 431.18125 38.870625
435.0 105.625 444.6625 118.9
437.5 27.5 436.525 35.469375
445.0 116.875 458.95625 130.93125
451.875 41.875 455.425 50.809375
453.75 79.375 463.81875 91.58125
460.0 80.625 470.975 92.68125
475.0 81.875 488.25625 94.99375
475.625 106.25 493.09375 121.2375
475.625 106.25 493.09375 121.2375
480.0 40.0 487.8625 50.241875
481.875 35.0 489.125 45.768125
494.375 28.125 502.475 38.368125
494.375 28.125 502.475 38.368125
525.0 103.75 550.3625 120.475
548.75 98.125 576.89375 114.8375
551.875 64.375 574.10625 79.81875
557.5 6.25 571.44375 18.305625
565.0 11.25 581.275 23.668125
573.75 11.875 591.69375 25.309375
573.75 65.625 600.23125 81.44375
595.625 57.5 623.6375 74.1125
600.0 73.75 631.4375 91.4
600.0 73.75 631.4375 91.4
610.0 16.25 633.1875 31.145625
610.0 16.25 633.1875 31.145625
361.25 49.375 351.70625 55.326875
363.125 46.875 353.80625 52.55125
364.375 114.375 362.3375 125.20625
385.0 95.0 384.70625 105.7375
397.5 76.25 396.575 85.425
444.375 97.5 454.78125 110.24375
457.5 88.125 469.1625 100.55625
457.5 88.125 469.1625 100.55625
551.875 38.75 570.4875 52.77875
569.375 14.375 586.6625 27.735625
329.375 126.25 322.35625 136.825
348.125 127.5 344.875 138.90625
350.0 64.375 340.2125 70.4875
362.5 122.5 361.65 134.0125
375.0 114.375 375.04375 125.66875
377.5 111.25 378.46875 122.36875
383.75 56.875 377.36875 63.7125
395.625 108.125 399.14375 119.69375
399.375 61.875 397.13125 69.93125
401.25 46.875 397.10625 54.35625
404.375 38.125 400.4875 44.26625
406.25 46.25 402.7375 53.49375
406.875 68.125 406.50625 77.0125
409.375 56.25 407.73125 64.1625
413.125 109.375 420.0 121.3125
413.125 109.375 420.0 121.3125
415.625 116.875 423.96875 129.775
415.625 116.875 423.96875 129.775
419.375 104.375 426.4 117.20625
419.375 110.625 427.85 123.4375
425.0 109.375 434.3 122.1125
425.0 109.375 434.3 122.1125
428.75 108.75 438.08125 121.5875
431.25 108.125 440.90625 121.36875
435.625 32.5 435.38125 40.073125
439.375 106.875 450.33125 119.73125
446.25 99.375 457.2 112.3125
446.25 110.625 459.375 124.625
446.875 39.375 449.725 48.5925
449.375 107.5 461.7 121.1625
456.25 80.625 466.275 93.1875
458.125 30.625 460.66875 39.3725
458.125 30.625 460.66875 39.3725
458.125 57.5 465.38125 67.975
460.0 102.5 474.15 116.35
463.125 33.75 466.75625 42.865625
464.375 48.125 471.35 58.49125
468.75 106.875 485.0375 121.44375
468.75 106.875 485.0375 121.44375
469.375 100.625 484.20625 114.775
470.0 43.75 476.775 53.970625
470.625 56.25 479.3375 66.90625
471.875 37.5 477.7 47.06625
471.875 96.875 486.69375 111.16875
473.75 93.75 488.61875 107.4125
477.5 101.875 493.7875 116.7625
487.5 94.375 504.1375 109.175
488.75 97.5 506.13125 112.025
489.375 74.375 504.46875 87.1375
492.5 87.5 508.64375 102.16875
493.75 101.875 513.85 117.05625
493.75 101.875 513.85 117.05625
496.875 23.75 505.7 33.840625
496.25 76.875 512.9625 90.60625
498.75 14.375 505.56875 24.3275
498.75 14.375 505.56875 24.3275
499.375 91.875 518.2625 106.6
501.25 103.125 522.38125 119.15625
502.5 109.375 525.01875 125.3375
504.375 96.875 524.04375 112.35625
504.375 96.875 524.04375 112.35625
506.875 99.375 528.725 114.53125
508.125 105.0 530.91875 121.05
508.125 105.0 530.91875 121.05
509.375 108.125 533.16875 124.41875
511.875 98.125 533.69375 114.25625
513.75 91.875 534.68125 107.23125
518.75 100.0 542.05625 116.39375
520.625 90.625 542.71875 105.825
521.875 7.5 530.76875 17.945625
522.5 93.125 545.525 108.79375
522.5 93.125 545.525 108.79375
526.25 89.375 548.6875 104.925
530.0 100.625 554.86875 117.775
531.25 95.0 555.63125 111.175
531.25 95.0 555.63125 111.175
535.625 96.875 561.675 113.36875
537.5 69.375 558.95 84.53125
537.5 69.375 558.95 84.53125
538.75 18.75 552.1625 31.266875
540.0 64.375 560.73125 79.0125
543.75 89.375 568.85 105.68125
545.625 66.25 566.8125 81.04375
546.25 97.5 573.6625 114.825
546.25 16.875 560.43125 28.914375
546.25 16.875 560.43125 28.914375
546.25 82.5 570.59375 98.44375
546.875 91.875 572.65 108.26875
550.625 6.25 563.425 17.890625
550.625 6.25 563.425 17.890625
551.25 94.375 578.61875 111.34375
551.25 94.375 578.61875 111.34375
553.125 87.5 579.21875 104.3
553.125 87.5 579.21875 104.3
556.25 90.0 584.0375 107.2875
558.125 83.125 584.325 99.73125
558.125 83.125 584.325 99.73125
560.0 5.0 573.96875 17.17625
560.0 65.625 583.71875 81.6375
560.0 76.875 585.4125 93.0625
560.625 91.875 588.86875 109.025
560.625 91.875 588.86875 109.025
561.25 18.75 577.60625 31.435625
562.5 82.5 589.7 98.95
563.125 78.75 589.675 95.50625
563.125 78.75 589.675 95.50625
566.25 81.875 593.90625 98.28125
566.875 6.25 582.58125 18.83375
568.75 11.875 585.675 24.99125
568.75 11.875 585.675 24.99125
568.75 87.5 598.45625 104.73125
568.75 90.625 598.34375 108.2125
570.0 80.625 597.61875 97.575
572.5 63.75 597.93125 79.65625
573.75 67.5 599.975 83.76875
574.375 83.125 603.625 100.55625
575.625 56.875 600.3375 72.40625
576.25 86.25 605.9125 103.59375
576.25 86.25 605.9125 103.59375
579.375 89.375 610.54375 107.24375
585.0 65.0 612.425 81.54375
588.125 86.875 619.6125 105.31875
588.75 64.375 617.29375 81.18125
589.375 94.375 622.7625 112.9375
591.25 90.0 624.65625 108.36875
592.5 75.625 622.6 93.33125
592.5 58.125 620.4875 74.5875
592.5 58.125 620.4875 74.5875
593.125 69.375 622.4625 86.65
593.75 33.75 617.05625 48.9775
593.75 33.75 617.05625 48.9775
594.375 78.125 625.8125 95.9
595.0 55.0 622.79375 71.54375
595.0 66.25 624.60625 83.45625
595.0 85.625 628.125 104.00625
597.5 68.75 627.0625 86.25
597.5 75.0 628.3125 92.78125
598.125 56.875 626.5625 73.35625
599.375 71.875 630.0 89.53125
600.625 8.75 621.39375 23.15875
600.625 8.75 621.39375 23.15875
600.625 61.875 630.375 79.2125
608.75 24.375 633.125 39.586875
609.375 11.875 631.5 26.943125
362.5 111.875 360.08125 122.51875
370.0 110.625 368.63125 121.825
370.0 110.625 368.63125 121.825
383.125 96.875 382.625 106.05
383.125 103.75 383.3125 114.275
383.125 103.75 383.3125 114.275
400.625 67.5 399.06875 76.38125
410.0 63.125 409.83125 72.2375
420.625 101.25 427.91875 113.55625
430.625 121.875 443.0125 136.35625
450.625 118.75 465.69375 133.29375
458.125 116.875 474.83125 131.95625
465.0 110.625 480.9875 125.00625
465.625 115.625 483.11875 130.95
466.875 55.625 474.875 66.14375
473.125 106.25 490.625 121.05
476.25 113.75 495.7625 129.1875
495.625 90.625 513.8375 104.58125
499.375 97.5 518.75625 112.625
505.625 108.125 528.6625 124.2875
510.0 81.25 528.8875 95.5625
510.0 108.125 533.16875 124.41875
511.875 101.25 534.25 117.43125
522.5 105.625 548.05625 122.5625
526.25 83.75 548.0125 98.825
526.25 105.625 551.98125 122.39375
531.875 81.25 554.08125 96.64375
533.125 78.125 555.3125 93.4
533.125 78.125 555.3125 93.4
538.125 93.125 563.175 109.90625
549.375 51.25 569.44375 65.28125
548.75 95.0 576.2625 111.91875
563.125 88.75 591.54375 105.95
565.625 13.75 582.19375 26.36125
573.125 80.0 601.775 97.01875
573.125 80.0 601.775 97.01875
574.375 90.0 604.48125 107.53125
575.0 96.875 606.5 115.11875
575.0 62.5 600.3875 78.4
578.125 96.25 610.04375 114.475
581.25 78.75 610.425 95.64375
583.125 88.125 613.71875 106.3625
583.125 88.125 613.71875 106.3625
583.125 95.0 615.93125 113.53125
586.875 76.875 616.3375 94.60625
591.875 10.625 611.30625 24.3775
591.875 10.625 611.30625 24.3775
596.875 8.125 616.8875 22.14125
600.0 85.0 633.0625 103.48125
601.25 53.75 629.1875 70.55625
601.25 53.75 629.1875 70.55625
354.375 117.5 351.56875 128.34375
365.625 48.125 355.7875 54.08
394.375 71.875 392.575 79.73125
458.75 67.5 468.06875 78.56875
501.25 84.375 518.8375 98.775
538.75 102.5 566.28125 119.94375
557.5 98.75 586.7625 116.79375
563.125 98.125 592.85625 115.975
391.875 73.125 389.825 82.375
391.875 73.125 389.825 82.375
423.75 101.875 430.8375 114.26875
468.125 63.125 477.0375 74.83125
528.75 80.625 550.5625 95.26875
554.375 30.625 571.43125 43.945
582.5 50.625 607.6875 66.63125
366.875 113.125 365.95 124.2875
435.0 99.375 443.9875 111.66875
358.75 114.375 356.39375 124.85
446.25 90.625 456.39375 103.08125
565.0 49.375 587.95625 64.025
359.375 118.75 357.725 129.75
372.5 46.25 363.35 52.0375
431.875 103.75 440.73125 116.65625
436.25 103.125 445.71875 115.5875
448.75 95.625 459.4625 108.21875
450.0 90.625 460.5875 102.075
518.125 86.25 539.725 101.21875
400.625 79.375 401.2375 88.69375
443.125 102.5 454.0125 115.29375
525.625 77.5 546.60625 92.8125
430.625 95.0 438.8625 107.25
388.125 88.75 387.84375 98.0125
413.75 104.375 419.60625 115.675
506.25 83.125 524.66875 97.475
508.125 98.125 529.4125 114.45625
420.625 105.625 428.05625 118.16875
570.0 25.0 589.0875 39.88375
570.0 25.0 589.0875 39.88375
581.875 21.25 602.64375 35.55375
306.875 26.25 299.15625 29.21
305.0 65.625 297.25 71.05
313.75 27.5 305.3625 30.73875
318.75 83.75 310.0375 90.89375
331.25 94.375 322.23125 102.5
309.375 43.125 301.28125 47.439375
318.75 65.625 310.36875 71.275
318.75 65.625 310.36875 71.275
325.625 30.625 317.15625 34.088125
305.625 76.25 297.5375 82.18125
307.5 111.875 299.55 120.23125
313.75 25.0 305.73125 27.979375
331.875 35.625 323.38125 39.970625
339.375 81.875 329.9875 89.725
307.5 116.875 299.5875 125.96875
316.25 83.75 307.8 91.025
330.0 39.375 321.1125 43.785
336.875 71.25 327.7375 78.05
306.25 93.125 298.24375 100.55
315.0 35.625 306.56875 39.155
319.375 118.75 311.075 128.2875
319.375 31.25 310.8 34.58625
325.625 97.5 316.68125 105.7375
325.625 39.375 317.1875 43.37125
336.875 78.75 327.60625 86.11875
318.75 65.625 310.36875 71.275
318.75 65.625 310.36875 71.275
324.375 35.625 315.8125 39.388125
326.25 101.25 317.53125 110.025
311.25 113.75 303.28125 122.60625
327.5 33.125 319.075 37.16625
322.5 86.25 313.575 93.63125
315.0 109.375 306.6125 118.35625
318.75 38.75 310.175 42.684375
326.25 41.25 317.325 45.75375
324.375 76.25 315.51875 83.40625
330.0 78.75 321.0625 86.3625
