66.875 343.125 130.6875 345.36875
80.625 159.375 66.55625 152.1625
80.625 354.375 229.025 110.83125
81.875 162.5 29.301875 164.30625
111.875 151.875 149.225 127.7375
122.5 205.625 124.03125 179.74375
142.5 303.75 180.10625 297.81875
168.125 256.25 267.91875 167.85
64.375 315.0 139.3625 336.00625
68.75 303.125 131.24375 298.4125
69.375 291.875 131.35625 286.18125
73.75 291.875 135.575 286.075
109.375 195.625 196.09375 374.075
115.625 233.125 477.625 98.975
141.25 341.875 292.9625 198.8375
65.0 227.5 126.7875 345.11875
68.125 296.875 130.3 292.1625
67.5 293.125 129.6375 287.225
77.5 320.0 478.125 368.54375
98.125 364.375 12.608125 271.7375
120.0 206.875 406.8125 208.3625
122.5 158.75 124.14375 342.04375
135.625 330.625 123.33125 336.55
5.0 193.125 26.1675 299.5375
67.5 173.75 30.696875 187.05
73.125 160.625 141.94375 307.575
77.5 334.375 256.85625 131.73125
77.5 334.375 142.05 310.35
78.125 320.0 478.125 368.54375
125.0 186.25 436.3875 176.01875
63.125 170.0 12.38625 173.7375
90.625 363.75 12.608125 271.7375
26.25 221.875 71.64375 329.8375
73.75 185.625 23.18875 298.825
250.0 330.0 406.225 181.55
268.75 70.0 302.43125 341.94375
188.75 154.375 182.6375 156.76875
206.875 173.125 428.5375 461.85
250.625 371.25 630.5 354.00625
303.75 160.0 392.95 274.04375
263.75 333.75 277.8125 314.86875
207.5 340.0 128.025 149.1125
346.25 218.75 436.325 194.025
362.5 213.75 417.85625 191.21875
362.5 217.5 436.325 194.025
362.5 220.625 437.425 216.575
365.0 220.625 421.8125 218.2375
365.0 220.625 439.20625 196.8875
370.625 199.375 567.2875 237.44375
375.625 330.0 396.65625 303.45625
379.375 315.625 401.7375 326.9125
380.625 216.25 437.1875 213.4125
380.625 216.25 436.325 194.025
380.625 219.375 437.425 216.575
380.625 219.375 399.63125 220.11875
381.25 236.25 437.425 216.575
381.25 238.75 437.40625 219.68125
382.5 275.0 343.525 381.13125
383.125 211.25 439.08125 187.7625
383.125 211.25 439.08125 187.7625
383.75 236.25 443.8875 212.76875
386.25 221.875 404.64375 203.7375
386.875 224.375 404.675 206.9375
386.875 241.25 444.0625 222.21875
387.5 333.125 426.8375 307.5125
389.375 227.5 446.25 215.70625
397.5 215.0 437.1875 213.4125
397.5 220.625 437.40625 219.68125
397.5 218.125 437.425 216.575
400.625 223.125 401.4125 207.28125
401.25 237.5 404.64375 203.7375
403.75 215.0 404.6 197.71875
406.875 220.0 427.21875 201.46875
406.875 229.375 427.21875 201.46875
409.375 224.375 268.8 149.7375
446.25 253.125 481.6 332.63125
456.25 174.375 219.1625 278.10625
372.5 199.375 400.43125 280.5
381.25 241.25 437.54375 222.86875
383.75 228.125 402.28125 210.8375
397.5 223.125 418.4125 205.275
400.0 210.0 420.55625 190.25
463.75 375.0 627.0 421.0875
360.625 306.25 416.5125 297.08125
360.625 306.25 416.5125 297.08125
360.625 303.75 416.575 294.80625
366.875 240.625 423.80625 222.73125
367.5 321.25 404.0 212.775
371.25 317.5 427.99375 309.275
382.5 234.375 419.38125 197.5125
382.5 234.375 419.38125 197.5125
401.875 221.875 422.65 203.38125
401.875 221.875 422.65 203.38125
421.25 371.25 493.38125 372.4875
438.75 373.75 452.06875 372.0875
366.25 218.75 440.95 194.9625
368.125 325.625 405.3125 299.575
368.125 325.625 442.21875 214.4125
374.375 201.875 436.3875 176.01875
385.625 234.375 442.21875 214.4125
395.625 213.75 416.5125 297.08125
372.5 223.125 429.375 202.275
374.375 245.625 431.3625 226.75
361.875 245.625 418.3125 227.6
466.875 243.75 164.75 329.575
376.875 89.375 124.14375 342.04375
413.75 119.375 155.55 51.98125
372.5 66.875 266.44375 152.68125
512.5 363.75 187.81875 278.50625
518.125 345.625 397.75625 99.425
531.25 291.875 606.26875 247.575
556.875 341.25 623.66875 333.8875
531.875 289.375 606.2875 234.6
543.125 250.0 608.21875 283.5875
543.125 256.875 606.2875 234.6
541.875 267.5 622.06875 232.725
573.125 336.875 83.04375 464.5625
493.75 301.875 595.05625 293.08125
496.25 367.5 35.86625 187.31875
484.375 328.125 128.10625 303.175
566.875 255.0 359.975 101.375
570.625 320.0 228.95 431.38125
483.125 242.5 71.64375 329.8375
113.125 144.375 613.9875 331.49375
80.0 83.125 254.0625 178.1875
88.125 78.75 202.2625 33.0125
43.125 96.25 179.10625 264.91875
92.5 78.75 202.2625 33.0125
155.625 63.125 202.2625 33.0125
63.75 101.25 159.6625 50.2675
158.125 90.0 452.06875 372.0875
158.125 90.0 181.15625 59.079375
256.25 207.5 79.93125 323.725
288.75 139.375 261.78125 253.11875
252.5 164.375 177.85 257.9125
267.5 153.125 282.0375 177.6125
263.75 208.75 446.56875 368.9125
255.625 255.0 297.6875 246.5875
289.375 247.5 591.06875 419.8875
255.0 263.75 282.0375 177.6125
260.625 149.375 77.95 321.7125
258.75 213.75 81.35625 340.33125
268.75 210.0 286.3625 169.15
48.75 71.875 457.28125 313.44375
91.25 36.875 153.225 245.8375
154.375 390.0 476.5125 414.925
281.875 27.5 359.8 10.623125
285.0 48.75 361.05625 28.466875
293.125 45.625 369.75625 24.824375
294.375 70.625 372.0375 50.99875
294.375 70.625 372.0375 50.99875
332.5 398.75 251.025 406.28125
405.625 387.5 422.6125 392.79375
415.0 17.5 88.13125 287.38125
465.625 399.375 4.595125 303.375
486.875 166.875 589.45625 158.10625
486.875 163.125 589.54375 154.8125
491.25 178.75 29.301875 164.30625
491.25 153.125 331.5 371.05625
518.125 388.75 594.59375 129.9625
565.625 223.75 382.46875 172.825
585.0 191.25 271.8875 240.85625
39.375 81.875 527.325 97.21875
134.375 386.25 125.025 124.3625
233.75 425.0 61.556875 172.20625
249.375 30.0 350.0625 315.04375
294.375 66.875 371.50625 46.818125
295.0 50.0 371.3625 29.014375
303.75 110.0 290.50625 133.91875
411.875 391.875 419.3625 399.5
434.375 102.5 269.36875 130.9625
595.625 246.875 244.09375 225.05
603.75 121.25 7.378125 95.6
624.375 397.5 447.2875 436.56875
630.0 42.5 33.410625 86.275
60.625 376.25 78.69375 368.76875
154.375 55.625 50.726875 82.7875
225.0 30.625 324.55625 371.8625
225.0 24.375 294.425 275.69375
235.625 35.0 309.35625 17.709375
315.625 120.0 577.4125 214.125
315.625 120.0 577.4125 214.125
335.625 95.625 245.80625 140.325
335.625 95.625 7.378125 95.6
360.625 55.625 527.325 97.21875
363.125 415.0 40.891875 434.6625
537.5 410.0 548.70625 433.225
570.625 369.375 4.595125 303.375
617.5 390.0 380.6375 398.4
21.875 86.25 308.81875 243.49375
137.5 435.0 360.75625 419.675
201.875 16.25 399.55 7.09875
236.875 17.5 374.25 410.95625
242.5 408.75 373.04375 247.1
265.625 395.0 108.49375 177.56875
281.875 21.25 403.75625 7.225
290.625 66.875 368.09375 47.09375
290.625 66.875 368.09375 47.09375
291.875 48.75 367.86875 27.526875
293.125 51.875 369.44375 30.98625
295.625 29.375 446.56875 368.9125
295.0 32.5 446.56875 368.9125
316.875 39.375 395.1625 16.93625
341.25 401.25 171.19375 46.40125
356.875 380.0 379.31875 382.5
367.5 381.25 349.25 90.94375
381.25 403.125 360.75625 419.675
412.5 393.125 421.475 402.975
506.25 402.5 102.44375 184.9875
513.125 187.5 357.5625 80.96875
556.875 376.875 625.25 377.58125
610.0 116.25 103.04375 326.19375
612.5 211.875 7.378125 95.6
613.125 196.25 171.625 366.30625
629.375 56.875 33.410625 86.275
60.625 423.75 216.68125 414.775
121.25 383.75 270.25 168.91875
180.0 393.75 445.25 413.9375
201.25 8.125 399.55 7.09875
221.25 462.5 37.62625 235.0
286.25 51.25 362.35 30.92625
286.875 58.75 363.29375 38.525625
288.125 65.625 358.725 41.755625
288.75 41.25 364.4 21.411875
291.875 61.875 368.925 41.5425
296.25 65.625 374.01875 45.398125
296.875 48.75 373.84375 28.301875
318.75 35.0 397.1625 12.415
450.625 396.25 460.78125 408.54375
586.875 185.625 183.05 407.29375
608.75 278.125 251.71875 121.43125
617.5 212.5 190.4875 192.74375
622.5 411.875 154.26875 163.43125
624.375 126.875 308.0875 152.9375
624.375 305.625 550.14375 198.51875
628.75 280.625 314.9375 234.5
37.5 80.0 7.378125 95.6
118.75 61.875 213.00625 22.423125
291.25 45.0 367.6 24.18875
299.375 41.25 375.61875 19.75125
303.125 55.625 381.2375 34.40625
303.125 55.625 381.2375 34.40625
481.25 137.5 385.225 411.43125
485.0 150.0 586.8125 141.30625
516.25 145.625 436.16875 375.79375
553.75 193.125 315.575 63.39375
554.375 365.625 5.0786875 328.35625
583.125 230.0 329.05 72.0125
78.75 376.875 85.69375 378.125
200.0 40.625 111.00625 168.025
168.75 417.5 546.45625 140.01875
348.75 381.875 373.475 384.75
363.125 381.875 388.075 384.6
515.0 406.875 524.63125 426.43125
208.75 396.875 183.05 407.29375
237.5 33.125 311.90625 16.01
348.75 85.625 290.56875 7.038125
362.5 63.125 289.35625 4.777625
598.75 298.75 252.60625 365.775
521.875 393.75 69.74375 385.04375
568.75 403.125 482.51875 378.70625
41.875 72.5 50.726875 82.7875
70.0 420.625 476.29375 357.9375
404.375 402.5 453.41875 419.45
623.75 83.125 7.378125 95.6
449.375 94.375 7.378125 95.6
610.625 261.875 400.66875 272.3625
316.875 36.25 122.58125 380.7625
90.625 404.375 115.78125 398.6875
455.625 123.125 534.25 101.3125
486.875 173.125 589.36875 166.11875
244.375 390.0 233.34375 397.1375
514.375 416.875 16.276875 102.875
470.625 430.0 179.10625 264.91875
503.125 170.625 495.625 414.275
6.875 255.0 24.0425 250.78125
7.5 293.125 25.47 289.525
8.125 211.875 24.855625 206.1875
8.125 211.875 24.855625 206.1875
8.75 288.75 25.944375 285.7125
8.125 315.0 26.23125 312.43125
8.75 248.75 25.6375 244.01875
8.75 321.875 26.771875 319.55625
11.25 273.125 27.76625 269.16875
13.75 215.625 29.558125 209.51875
14.375 337.5 31.459375 335.6875
14.375 337.5 31.459375 335.6875
15.0 199.375 30.00375 192.6375
16.25 184.375 30.7325 177.21875
16.875 320.0 33.35375 317.875
16.875 320.0 33.35375 317.875
16.875 280.625 32.72375 277.075
16.875 294.375 33.264375 291.03125
16.875 294.375 33.264375 291.03125
17.5 327.5 33.92125 325.0
18.75 248.125 33.8925 243.175
18.75 325.0 35.108125 322.44375
21.875 226.875 36.34125 221.225
21.875 254.375 36.52875 249.35625
21.875 305.625 37.51 303.14375
23.125 276.25 38.333125 272.2
23.125 276.25 38.333125 272.2
24.375 238.75 38.5025 233.4375
25.0 254.375 38.714375 249.35625
25.625 331.25 40.629375 329.55
25.625 281.875 40.061875 277.71875
26.25 287.5 41.111875 283.7125
26.25 313.125 41.08 310.50625
26.25 313.125 41.08 310.50625
26.875 335.0 41.68 333.28125
26.875 335.0 41.68 333.28125
27.5 310.0 42.391875 307.3625
30.0 331.875 44.638125 329.86875
30.0 331.875 44.638125 329.86875
31.875 284.375 45.283125 280.75
35.0 250.625 47.575625 245.6625
35.0 303.125 48.309375 299.7375
35.0 303.125 48.309375 299.7375
35.625 328.125 48.95625 325.9125
36.875 266.875 48.864375 262.45
38.125 263.125 49.985 258.36875
38.75 276.25 50.2825 271.96875
41.25 358.75 53.73 357.78125
43.125 331.875 55.238125 330.38125
43.125 331.875 55.238125 330.38125
43.75 329.375 55.73625 327.125
48.75 233.75 58.518125 227.18125
49.375 230.625 59.139375 224.125
52.5 320.0 62.75625 317.66875
53.125 177.5 61.78625 168.325
53.75 247.5 63.04375 241.825
53.75 247.5 63.04375 241.825
55.0 285.625 64.6625 281.10625
57.5 345.625 67.6125 344.38125
58.75 237.5 67.53125 230.9625
59.375 250.625 67.85 244.575
60.625 261.875 69.2 256.3875
61.25 168.125 68.75 157.94375
61.875 243.75 70.4625 237.35
65.0 167.5 71.8 157.03125
69.375 243.75 76.10625 237.1875
70.625 286.875 78.01875 282.45
72.5 236.875 78.9125 229.53125
74.375 255.0 80.83125 249.25625
75.625 235.625 81.68125 228.4
75.625 235.625 81.68125 228.4
76.25 199.375 81.78125 189.68125
78.75 179.375 84.61875 168.69375
79.375 252.5 85.6125 246.05
80.0 200.625 85.06875 191.7375
82.5 231.875 87.61875 224.2625
85.0 229.375 90.175 221.1125
85.625 205.0 90.36875 195.3625
85.625 327.5 91.8625 325.7625
86.25 257.5 91.08125 251.3875
86.875 290.625 92.325 286.06875
86.875 220.0 91.29375 211.025
89.375 259.375 93.775 253.75
90.0 327.5 94.95625 325.36875
90.0 313.125 95.40625 310.4
91.25 220.625 94.9875 212.2625
92.5 332.5 97.26875 330.8875
93.75 336.875 98.58125 335.34375
95.0 260.0 98.8875 253.64375
95.0 293.75 99.24375 289.60625
97.5 294.375 101.66875 290.225
97.5 311.25 101.46875 308.19375
99.375 259.375 102.19375 253.225
99.375 264.375 102.125 258.48125
98.75 315.0 103.2 312.25625
100.0 167.5 102.58125 154.85
101.875 324.375 105.95 321.925
103.125 178.125 105.68125 165.93125
103.125 265.625 106.1625 259.5125
106.875 334.375 110.51875 332.4625
107.5 240.625 109.38125 232.8
107.5 240.625 109.38125 232.8
108.75 266.25 110.8375 260.0625
109.375 341.875 112.30625 340.8375
111.25 236.875 112.9375 228.84375
112.5 262.5 114.19375 256.1
113.75 306.875 115.94375 303.7625
116.25 249.375 117.95 241.43125
116.25 249.375 117.95 241.43125
116.875 353.75 118.275 352.9375
120.0 271.875 121.18125 265.725
123.75 259.375 124.4125 252.10625
123.75 259.375 124.4125 252.10625
126.25 291.25 126.89375 286.23125
127.5 158.125 126.38125 143.325
129.375 233.125 129.2 223.8625
130.625 341.875 130.7125 340.5625
130.625 264.375 130.775 257.2125
134.375 259.375 133.59375 252.1875
134.375 259.375 133.59375 252.1875
134.375 232.5 133.4375 223.1
138.75 203.75 137.38125 191.975
138.75 251.25 137.71875 243.375
138.75 251.25 137.71875 243.375
141.25 184.375 139.34375 170.90625
142.5 229.375 140.5125 219.58125
144.375 273.125 143.1625 266.16875
146.25 214.375 143.69375 202.40625
147.5 189.375 145.0625 175.95
149.375 231.25 146.35625 221.11875
150.0 167.5 147.01875 151.89375
150.625 174.375 147.8 159.5625
151.25 314.375 149.4875 310.83125
151.875 211.875 148.75 200.0
152.5 276.25 150.1875 269.95625
153.125 225.0 149.96875 214.30625
153.75 285.0 151.33125 279.4625
154.375 177.5 150.91875 162.60625
154.375 250.625 151.825 242.04375
155.625 215.625 152.6625 204.08125
155.625 222.5 152.34375 211.5375
155.625 271.875 153.15625 264.9875
155.625 197.5 152.2875 184.275
156.875 276.25 154.05625 269.5375
158.125 165.625 154.2625 149.05
158.75 200.625 154.95 187.58125
158.75 200.625 154.95 187.58125
159.375 194.375 155.71875 181.0625
159.375 194.375 155.71875 181.0625
160.0 263.125 157.15625 254.89375
160.625 271.875 157.35625 265.30625
160.0 276.875 157.53125 270.38125
160.625 203.125 157.00625 190.0625
161.25 236.875 157.6875 226.375
161.25 241.25 157.525 231.28125
162.5 172.5 158.4875 156.78125
162.5 221.875 158.69375 210.4375
163.75 209.375 159.5125 197.01875
163.75 213.125 159.9125 200.7
163.75 268.125 161.05 261.15625
164.375 230.0 160.71875 219.1
166.25 236.25 162.2375 226.0125
166.25 288.125 163.2625 282.4
167.5 272.5 164.19375 265.2125
169.375 220.625 165.4125 208.6125
170.0 224.375 165.4625 212.2375
171.25 270.0 167.50625 262.94375
171.25 205.625 166.90625 191.99375
171.875 310.625 168.125 307.425
171.875 191.25 167.0625 176.7375
171.875 267.5 167.96875 259.775
173.125 252.5 168.5625 243.54375
173.75 165.0 168.85 147.7
8.125 215.625 24.8325 210.19375
15.0 171.875 29.301875 164.30625
16.875 187.5 31.150625 180.90625
18.125 223.125 32.945625 217.35625
20.0 238.75 34.9025 233.5125
20.0 255.0 35.040625 250.14375
21.25 320.0 37.00625 317.45625
21.25 320.0 37.00625 317.45625
21.875 232.5 36.476875 226.66875
22.5 280.0 37.505 276.16875
22.5 280.0 37.505 276.16875
25.0 193.125 38.37375 185.7875
25.625 183.75 38.8125 175.21875
33.125 276.25 46.370625 272.075
34.375 310.0 47.959375 307.21875
37.5 225.0 49.360625 218.56875
38.125 333.75 50.940625 332.05
41.25 362.5 54.119375 361.69375
41.875 181.875 52.573125 173.40625
43.75 321.875 55.6525 319.64375
44.375 306.25 55.871875 303.08125
44.375 306.25 55.871875 303.08125
45.0 302.5 56.3125 299.3625
45.625 298.75 56.500625 295.6875
46.25 280.625 57.40375 276.95
46.875 265.625 57.285625 260.89375
47.5 255.625 57.72875 250.65
48.125 244.375 58.32375 238.54375
48.125 244.375 58.32375 238.54375
49.375 228.125 59.034375 221.3
50.0 221.875 59.510625 214.9125
50.0 221.875 59.510625 214.9125
52.5 190.625 61.106875 181.84375
55.0 275.0 64.75625 270.6375
56.875 176.25 64.94375 166.74375
57.5 271.25 67.16875 266.44375
58.125 334.375 68.3625 332.59375
59.375 313.75 69.09375 310.89375
60.0 197.5 68.05 188.30625
60.625 302.5 69.6875 298.76875
61.25 178.75 68.8875 169.6125
61.875 172.5 69.31875 162.29375
62.5 231.875 70.125 225.425
67.5 177.5 74.425 167.19375
75.0 270.625 81.525 265.25625
75.0 203.125 80.78125 193.94375
76.25 280.625 82.7875 276.1875
76.875 188.75 81.9125 178.3125
79.375 235.625 85.0125 228.3
79.375 343.75 86.3875 342.59375
81.875 281.25 87.675 276.53125
91.25 249.375 95.48125 242.81875
92.5 316.875 97.6875 313.7
92.5 316.875 97.6875 313.7
93.125 256.25 97.05625 249.66875
93.75 166.875 96.85625 154.50625
95.0 303.125 99.50625 299.28125
96.25 333.75 100.56875 332.21875
96.25 344.375 100.96875 343.01875
101.25 163.75 103.18125 150.95625
103.125 270.0 105.71875 263.78125
103.125 306.25 106.56875 302.9875
104.375 326.875 108.09375 325.125
104.375 326.875 108.09375 325.125
105.0 282.5 107.93125 277.3875
105.0 234.375 107.275 226.28125
107.5 251.875 109.91875 244.60625
108.75 166.875 109.675 153.40625
108.75 315.625 111.5875 312.93125
108.75 315.625 111.5875 312.93125
109.375 273.75 111.55625 267.825
109.375 286.25 111.775 281.43125
111.25 269.375 113.14375 263.45625
111.25 269.375 113.14375 263.45625
111.25 340.0 114.24375 338.18125
111.875 318.75 113.99375 316.09375
111.875 321.875 114.4625 319.34375
111.875 321.875 114.4625 319.34375
114.375 331.875 116.7375 330.30625
115.0 285.625 116.5625 280.89375
115.625 256.25 116.9125 249.475
120.625 316.25 121.80625 313.28125
124.375 160.625 124.19375 146.2
127.5 190.625 127.4 178.96875
128.125 177.5 127.775 164.4125
130.625 296.25 130.3 292.1625
131.875 258.75 131.4875 251.58125
133.75 208.125 132.4875 196.75
135.0 301.875 135.13125 297.55
135.625 226.875 134.9625 216.15625
138.125 187.5 136.3875 174.425
140.0 179.375 137.95625 165.5875
141.25 226.25 139.74375 215.98125
141.875 259.375 140.775 251.35625
143.125 251.875 141.63125 243.66875
145.625 247.5 143.63125 239.1
146.875 206.875 144.6 194.64375
147.5 255.625 145.875 247.30625
148.75 197.5 146.05 184.725
150.625 188.75 148.26875 174.61875
151.25 272.5 148.4125 266.38125
154.375 302.5 152.0625 298.175
153.75 321.875 151.88125 319.51875
155.625 257.5 153.025 249.275
156.875 183.75 153.20625 169.61875
157.5 326.875 154.93125 324.78125
161.875 182.5 158.0125 167.30625
166.25 239.375 162.18125 229.1
168.75 166.25 163.8 149.6125
169.375 228.75 164.525 217.9
170.0 326.875 166.60625 324.75
170.625 249.375 166.5625 240.175
171.25 214.375 166.2875 201.725
171.875 288.125 168.4125 282.3
175.0 197.5 169.5125 183.45625
175.0 177.5 170.625 161.15625
175.625 181.875 170.63125 166.08125
176.25 222.5 171.26875 210.38125
10.625 305.0 28.14625 302.28125
10.625 305.0 28.14625 302.28125
23.75 305.625 38.156875 302.8625
25.625 189.375 38.975 182.01875
35.0 179.375 46.731875 171.11875
36.25 296.25 48.995625 292.96875
36.25 296.25 48.995625 292.96875
43.75 315.0 55.738125 312.325
43.75 315.0 55.738125 312.325
44.375 310.625 55.85 307.5125
44.375 310.625 55.85 307.5125
47.5 258.75 57.325 253.5
46.875 261.875 57.24375 257.0625
48.125 247.5 58.24875 242.06875
50.0 225.0 59.695 218.11875
52.5 185.625 61.22 176.34375
53.125 181.25 61.556875 172.20625
56.875 233.125 65.3875 226.3875
58.75 228.75 67.19375 221.55625
60.0 308.125 69.4375 304.15625
60.625 188.125 68.6125 179.025
60.625 292.5 69.99375 288.125
60.625 292.5 69.99375 288.125
71.875 175.0 77.63125 164.0625
72.5 260.0 79.51875 254.1625
73.75 297.5 81.2125 293.075
81.25 183.125 85.925 173.15
82.5 291.875 88.13125 287.38125
86.25 210.0 91.4125 201.23125
91.875 173.125 95.65 161.50625
91.875 191.25 95.00625 180.725
98.75 333.75 103.375 332.2875
103.125 338.125 106.65 336.53125
111.25 302.5 113.575 298.6625
116.25 218.75 118.425 209.04375
116.875 253.125 117.7625 245.7625
121.875 297.5 123.125 293.0375
124.375 269.375 125.05 263.26875
131.25 291.25 131.35625 286.18125
135.625 291.25 135.575 286.075
146.25 291.25 144.4875 285.96875
146.25 291.25 144.4875 285.96875
151.25 193.75 149.125 180.3875
158.125 268.75 155.1875 261.475
160.0 307.5 157.23125 303.29375
160.625 303.75 157.94375 299.675
160.625 303.75 157.94375 299.675
170.0 182.5 165.45 166.66875
171.875 262.5 168.11875 254.5875
171.875 262.5 168.11875 254.5875
4.375 251.25 22.753125 246.94375
5.625 226.875 23.046875 222.025
6.875 278.125 24.320625 274.375
7.5 343.125 25.74 341.44375
8.75 250.625 25.911875 245.9125
8.75 253.75 25.679375 249.41875
8.75 286.875 26.505 283.05625
9.375 213.125 26.405625 207.3
9.375 328.75 27.14375 326.70625
13.75 246.875 29.858125 241.81875
16.25 325.625 32.87375 323.11875
16.875 266.25 32.554375 261.89375
16.875 266.25 32.554375 261.89375
16.875 318.125 33.39 315.8125
16.875 185.625 32.1525 178.29375
16.875 190.0 31.721875 183.16875
16.875 260.0 32.36375 255.69375
17.5 274.375 33.42875 270.7625
19.375 263.125 34.093125 258.65
19.375 246.25 33.940625 241.40625
20.0 326.25 36.3575 324.0875
20.0 326.25 36.3575 324.0875
20.625 234.375 35.226875 228.85
21.25 243.75 35.6775 238.59375
21.25 243.75 35.6775 238.59375
21.25 266.25 36.259375 261.74375
23.125 185.625 36.960625 178.2625
24.375 296.875 39.058125 293.275
24.375 296.875 39.058125 293.275
24.375 251.875 38.901875 247.3375
25.625 259.375 39.51125 254.75625
25.625 326.875 40.65125 324.40625
26.25 270.625 40.623125 266.6
28.75 336.25 43.103125 334.5875
29.375 243.125 42.85 237.46875
29.375 243.125 42.85 237.46875
29.375 286.25 43.06125 282.56875
29.375 311.875 43.478125 308.74375
29.375 311.875 43.478125 308.74375
31.25 326.25 45.3225 324.25
31.25 326.25 45.3225 324.25
31.25 333.75 44.94375 331.7875
31.25 333.75 44.94375 331.7875
32.5 261.25 44.815 256.74375
32.5 336.25 46.845 334.61875
34.375 181.875 45.93875 173.49375
35.0 289.375 47.891875 285.63125
34.375 326.25 47.801875 324.38125
36.25 307.5 49.37625 304.43125
39.375 274.375 51.1975 269.725
40.0 220.0 50.64 213.4875
48.125 277.5 58.81875 273.34375
48.125 286.875 58.94375 282.56875
48.125 289.375 59.024375 285.65625
48.75 270.0 59.35875 265.50625
50.625 246.25 60.3925 240.4625
50.625 246.25 60.3925 240.4625
51.25 313.75 61.350625 310.90625
52.5 254.375 62.1875 248.69375
53.75 200.625 62.55 192.475
53.75 273.125 63.525 268.75
53.75 273.125 63.525 268.75
53.75 286.875 63.73125 282.6875
55.0 181.875 63.5375 172.875
56.25 248.125 65.525 242.5125
58.75 254.375 67.1125 248.725
58.75 269.375 67.7625 264.60625
60.625 266.25 69.2125 261.11875
61.875 221.875 70.95 214.51875
62.5 248.125 70.1625 242.20625
65.625 260.0 73.6 254.325
66.875 165.625 73.4125 155.34375
68.75 241.875 75.74375 235.28125
68.75 276.875 76.49375 271.7625
68.75 238.125 76.35 231.56875
70.0 260.0 77.19375 254.0625
75.0 228.75 81.175 220.975
75.0 228.75 81.175 220.975
76.875 283.125 83.1875 278.29375
76.875 200.625 82.94375 191.1375
80.625 176.25 85.83125 165.475
81.875 213.75 86.86875 204.925
83.125 256.25 88.5125 250.01875
84.375 292.5 90.06875 288.01875
85.0 280.625 90.30625 275.625
85.625 206.875 90.2625 197.74375
86.25 329.375 92.75 327.20625
86.875 338.75 92.7 337.55
87.5 240.0 91.71875 232.7875
88.125 203.75 92.24375 194.025
89.375 264.375 93.88125 258.86875
90.0 320.0 95.49375 317.54375
90.625 258.125 94.8 251.75
90.625 261.25 94.84375 255.20625
90.625 248.125 94.84375 240.95625
92.5 293.125 97.1375 288.66875
92.5 306.875 97.275 303.43125
93.125 165.0 96.33125 152.4625
95.0 295.625 99.0375 291.45
95.0 316.875 99.775 314.03125
95.625 208.75 98.21875 198.6125
96.25 335.625 100.89375 334.25
97.5 304.375 101.91875 300.9625
98.75 328.125 103.04375 326.19375
99.375 288.75 102.9875 284.31875
99.375 231.25 101.73125 222.71875
100.625 325.625 104.45 323.19375
101.25 271.25 103.63125 265.55625
101.25 176.875 104.025 164.66875
105.0 296.25 107.79375 292.09375
106.25 256.875 108.58125 249.7625
106.25 256.875 108.58125 249.7625
106.875 320.625 109.90625 318.4375
108.75 295.625 111.24375 291.36875
109.375 318.125 111.99375 315.0125
109.375 235.625 111.20625 227.13125
110.0 238.75 111.625 230.6625
110.0 241.875 111.44375 233.71875
110.625 258.125 111.84375 251.29375
111.25 261.25 113.0 254.4375
111.25 261.25 113.0 254.4375
111.875 296.875 114.19375 292.29375
112.5 239.375 114.05625 230.99375
115.625 305.625 117.7375 302.00625
116.875 241.25 117.64375 233.51875
116.875 250.625 118.1625 243.1625
117.5 234.375 118.26875 225.30625
118.75 238.75 119.28125 230.26875
119.375 270.0 120.33125 263.95
121.875 275.0 122.70625 269.29375
122.5 258.125 123.2 250.5625
125.0 275.0 125.74375 269.09375
125.625 257.5 125.4875 250.16875
127.5 231.875 127.3875 222.30625
128.125 226.25 127.5375 216.59375
131.25 165.0 129.6875 150.2625
131.875 275.625 131.53125 269.43125
131.875 275.625 131.53125 269.43125
133.75 291.875 133.46875 286.91875
134.375 165.0 133.3125 149.8
136.25 186.25 134.18125 173.15
136.25 261.875 135.2 254.64375
136.25 189.375 134.48125 176.6
136.875 281.875 136.275 275.625
136.875 257.5 136.28125 249.7
136.875 257.5 136.28125 249.7
141.25 216.25 139.45625 204.9125
141.875 224.375 139.925 213.59375
144.375 283.75 142.35 278.675
145.0 250.0 143.2375 241.3625
145.0 250.0 143.2375 241.3625
148.125 195.625 145.925 182.45625
148.125 221.875 145.99375 210.8875
150.0 172.5 146.54375 157.4875
150.0 281.25 148.04375 274.975
150.625 328.125 149.0 325.86875
151.25 203.125 147.94375 190.85
153.125 196.25 149.98125 182.71875
154.375 241.875 151.89375 232.51875
185.0 283.125 182.2875 276.25
188.125 195.625 183.85625 180.475
188.75 182.5 184.8625 166.4625
189.375 169.375 184.8625 151.0125
190.625 350.625 191.58125 350.9125
191.25 287.5 190.91875 280.9875
191.25 323.125 191.9 320.55625
193.125 271.25 192.775 262.78125
193.75 281.25 193.175 273.99375
194.375 225.0 192.76875 212.58125
194.375 138.75 190.9 117.6875
195.625 175.625 193.4125 158.16875
195.625 175.625 193.4125 158.16875
195.625 194.375 193.79375 178.8375
195.625 346.875 197.95625 346.41875
196.25 317.5 197.23125 313.66875
196.25 354.375 198.5875 354.3125
196.25 226.875 195.575 214.28125
196.875 201.875 195.3875 186.53125
196.25 208.75 195.7 194.8625
196.875 283.75 197.95 277.09375
197.5 251.875 197.39375 241.50625
197.5 152.5 195.675 132.9625
197.5 152.5 195.675 132.9625
198.125 255.625 198.325 246.275
198.125 255.625 198.325 246.275
197.5 358.125 200.15625 358.33125
198.125 164.375 196.90625 146.05
198.75 331.875 201.1875 329.225
199.375 185.625 198.68125 169.025
199.375 310.625 201.55 306.7375
200.625 188.75 200.11875 172.49375
200.625 246.25 201.58125 235.44375
200.625 315.625 204.06875 312.00625
201.25 198.125 201.0 182.40625
201.25 249.375 202.7375 238.98125
201.25 303.125 204.49375 297.61875
201.25 334.375 204.7125 332.2
201.25 334.375 204.7125 332.2
201.25 358.125 205.3625 358.19375
201.875 285.625 203.91875 278.3125
203.125 246.25 205.26875 235.675
203.125 326.875 206.85625 323.8625
203.75 323.125 208.1375 319.40625
203.75 348.125 208.49375 347.3
205.0 156.25 205.225 136.7125
205.0 145.625 204.94375 125.48125
205.0 361.25 210.68125 361.6
205.0 136.875 205.55625 115.86875
205.0 256.25 208.225 246.55625
206.25 163.125 206.53125 144.18125
206.25 221.25 208.06875 207.95625
206.25 221.25 208.06875 207.95625
206.25 273.75 209.5125 265.35
206.875 353.125 211.9 353.03125
207.5 244.375 210.19375 233.23125
208.75 218.125 212.23125 203.73125
210.0 161.25 211.775 142.38125
210.0 233.75 214.075 221.175
210.0 377.5 216.59375 379.125
210.625 185.0 212.4 168.09375
210.625 356.875 217.49375 356.9375
211.25 194.375 214.29375 178.625
211.25 331.25 217.3375 328.75625
211.25 360.625 218.9375 360.86875
213.125 110.625 215.0375 86.78125
213.125 110.625 215.0375 86.78125
214.375 198.125 218.4875 182.10625
214.375 136.25 217.725 114.53125
215.625 310.625 223.1125 306.04375
216.875 339.375 225.6875 337.3
216.875 356.875 225.84375 356.10625
216.875 356.875 225.84375 356.10625
217.5 308.125 225.4375 302.675
217.5 346.875 226.16875 345.6
218.125 224.375 223.5875 210.96875
218.75 138.75 222.5625 117.19375
218.75 184.375 223.8375 166.73125
220.0 177.5 224.825 159.6125
220.625 174.375 226.58125 155.94375
220.625 148.125 225.3625 127.45
220.625 148.125 225.3625 127.45
220.625 252.5 227.78125 241.60625
221.25 106.875 225.0875 82.01875
221.875 103.125 225.73125 78.35625
221.875 376.25 231.8 377.425
221.875 168.125 227.93125 148.84375
222.5 300.0 231.1625 293.975
223.125 270.625 231.3 261.79375
224.375 136.875 230.0 114.725
224.375 291.25 234.04375 284.14375
225.0 121.875 230.3875 98.28125
225.0 107.5 229.725 82.58125
225.0 129.375 230.56875 106.1125
225.0 200.625 231.94375 184.7875
225.625 224.375 233.39375 210.45
225.625 250.625 233.85625 239.15
225.625 283.125 235.15 275.5375
226.25 158.75 233.1 138.9875
226.25 179.375 233.5375 161.275
226.875 274.375 235.9875 265.9625
226.875 109.375 232.83125 84.65625
226.875 109.375 232.83125 84.65625
226.875 271.25 236.78125 261.9875
228.125 135.625 235.7625 112.85
228.125 200.625 236.41875 184.6375
228.75 131.25 235.6875 108.475
228.75 131.25 235.6875 108.475
228.75 192.5 236.875 175.775
228.75 198.125 237.15625 181.34375
229.375 86.875 235.73125 60.055
230.625 144.375 238.1875 122.275
231.25 281.875 242.625 273.44375
231.875 276.25 243.175 267.78125
233.125 88.125 240.4375 61.260625
233.125 370.625 247.25 370.98125
233.75 284.375 245.85 276.70625
236.875 322.5 250.4125 318.1375
236.875 108.125 245.58125 82.9375
238.125 289.375 251.2375 281.5375
239.375 113.125 248.95 87.95
244.375 110.0 255.9375 84.575
244.375 110.0 255.9375 84.575
246.875 308.125 264.775 301.21875
251.25 373.125 271.0875 372.80625
252.5 65.625 264.78125 35.531875
254.375 55.625 267.21875 24.503125
255.625 78.75 269.65625 49.805625
256.875 365.625 277.23125 364.65625
256.875 113.75 272.50625 88.51875
257.5 88.125 271.6125 60.048125
258.75 368.125 280.39375 367.575
260.0 55.0 275.3 23.559375
261.25 358.125 283.6625 356.21875
263.75 55.0 279.325 23.17375
265.0 74.375 280.95625 44.456875
265.0 74.375 280.95625 44.456875
265.0 83.125 281.46875 54.14875
265.0 51.875 281.2625 20.555625
265.0 51.875 281.2625 20.555625
266.25 346.25 289.90625 342.54375
266.25 68.125 283.48125 37.4575
266.875 366.875 291.1375 365.5875
268.75 70.0 286.2125 39.931875
269.375 111.875 287.8375 85.33125
269.375 53.125 287.48125 21.746875
275.625 91.875 296.125 63.575
279.375 313.75 305.98125 307.275
281.25 84.375 302.79375 55.15875
281.875 106.875 304.00625 79.75
281.875 106.875 304.00625 79.75
283.75 124.375 306.73125 98.50625
286.25 296.25 314.58125 287.325
286.875 337.5 315.8125 332.79375
294.375 292.5 325.21875 283.45
296.25 265.0 326.86875 253.125
296.875 277.5 327.95 266.85
297.5 130.0 325.6875 104.74375
302.5 280.0 334.975 269.20625
303.125 244.375 335.25625 230.4125
303.125 164.375 333.36875 142.25625
306.875 147.5 338.3125 122.9625
180.0 295.0 175.7375 290.08125
180.625 290.0 176.3625 284.06875
181.875 266.25 177.85 257.9125
187.5 189.375 183.575 173.09375
187.5 334.375 186.48125 333.11875
187.5 334.375 186.48125 333.11875
188.125 240.625 185.26875 229.68125
192.5 347.5 193.30625 346.7625
192.5 347.5 193.30625 346.7625
193.125 276.875 192.8625 269.3
195.0 185.0 193.6 168.725
196.875 219.375 196.025 206.25625
198.125 223.75 197.95625 210.9125
198.75 268.75 200.2125 260.38125
200.0 131.25 197.3625 109.53125
200.0 242.5 200.9 231.75
200.0 281.25 201.2875 273.96875
200.625 330.625 203.9375 328.38125
201.25 150.0 200.7375 130.175
201.25 136.875 200.26875 115.29375
201.875 253.125 204.0625 243.0875
202.5 319.375 205.125 315.9
202.5 351.25 207.03125 350.75
203.125 281.875 206.05625 275.08125
203.125 306.875 206.05625 302.21875
204.375 302.5 208.2375 297.76875
205.0 319.375 209.15 315.68125
205.625 338.75 210.49375 336.7875
205.625 298.75 209.59375 292.875
206.875 294.375 211.09375 288.56875
206.875 213.75 209.4 200.2125
206.875 213.75 209.4 200.2125
208.125 331.25 213.0875 328.4875
208.125 278.125 212.375 269.975
208.125 171.25 210.48125 153.30625
210.625 168.125 212.54375 149.54375
210.625 168.125 212.54375 149.54375
211.25 335.0 218.33125 332.5
212.5 188.75 215.475 171.5
212.5 188.75 215.475 171.5
213.125 240.625 217.6375 229.475
213.125 256.875 219.0375 247.4
213.125 278.75 218.475 271.01875
213.75 230.625 218.65 217.63125
213.75 235.0 218.3375 222.5625
213.75 248.125 219.625 237.86875
221.25 346.875 230.9375 345.5
222.5 221.25 229.80625 207.55
222.5 274.375 230.85 266.0625
223.125 286.25 232.13125 279.0375
225.0 200.625 231.94375 184.7875
224.375 316.875 234.6125 312.74375
226.25 166.875 233.51875 147.0875
226.25 256.875 235.6125 246.25
227.5 260.625 237.14375 250.26875
228.125 296.25 239.475 289.0875
228.75 267.5 238.44375 258.2
230.625 92.5 237.38125 66.0125
231.25 271.875 242.3875 262.44375
233.125 330.0 245.85 326.8625
233.75 116.25 241.2375 91.78125
235.625 375.0 250.05625 375.49375
238.75 80.625 247.56875 52.188125
238.75 80.625 247.56875 52.188125
240.0 85.625 248.7875 57.933125
241.875 114.375 253.25 89.6625
247.5 301.25 263.9 294.7125
248.75 348.75 267.475 346.54375
249.375 116.875 261.475 91.79375
250.0 77.5 261.90625 48.803125
250.0 77.5 261.90625 48.803125
260.0 107.5 275.86875 81.35625
260.0 107.5 275.86875 81.35625
260.0 107.5 275.86875 81.35625
260.625 72.5 276.21875 43.315
263.125 45.625 277.725 12.876875
263.75 352.5 286.00625 350.0125
275.625 313.75 301.29375 307.15625
275.625 318.125 301.225 311.65
275.625 322.5 301.6875 316.99375
275.625 322.5 301.6875 316.99375
276.875 116.875 298.0375 91.1375
276.875 116.875 298.0375 91.1375
278.125 318.75 305.06875 312.10625
281.875 127.5 305.35625 102.9
282.5 337.5 310.49375 332.94375
283.75 95.625 306.36875 67.2125
283.75 306.25 311.0875 298.675
283.75 306.25 311.0875 298.675
284.375 108.125 307.85 80.95
285.625 120.625 309.33125 94.84375
286.25 365.625 315.49375 363.5125
295.0 300.625 325.775 291.86875
295.0 300.625 325.775 291.86875
298.125 268.75 329.825 257.08125
299.375 214.375 330.03125 196.775
300.0 228.75 331.00625 213.48125
303.125 226.875 335.06875 211.19375
180.625 301.875 176.36875 297.70625
188.125 163.75 182.91875 145.71875
191.875 314.375 192.40625 310.93125
198.125 325.625 200.40625 323.225
198.75 191.875 197.93125 175.975
201.25 343.125 205.19375 341.7875
203.75 369.375 209.03125 370.45
205.625 281.25 209.94375 274.20625
206.875 152.5 207.95625 132.40625
209.375 326.25 214.1125 323.16875
209.375 326.25 214.1125 323.16875
209.375 115.625 210.375 91.85625
213.75 175.625 217.38125 157.46875
213.75 215.625 218.475 201.825
214.375 191.25 218.575 174.86875
215.0 145.0 217.6875 124.34375
215.625 335.625 223.94375 333.225
218.125 192.5 223.5375 176.15625
219.375 356.25 228.9 355.7625
219.375 356.25 228.9 355.7625
220.0 279.375 227.2875 271.1875
221.25 242.5 227.70625 230.50625
223.125 175.0 229.96875 156.85
223.75 263.75 231.75625 254.15
225.0 145.0 230.88125 123.7125
225.0 278.75 233.85 270.64375
225.0 278.75 233.85 270.64375
226.875 342.5 237.95 340.2625
229.375 163.125 236.925 143.66875
230.0 325.625 242.1125 321.8875
230.625 351.875 243.21875 350.48125
233.125 336.875 246.71875 334.7125
233.125 336.875 246.71875 334.7125
235.0 318.125 247.925 312.8375
241.25 315.625 256.41875 310.25625
242.5 307.5 257.85 301.83125
246.875 296.875 262.575 289.96875
253.75 74.375 266.9875 45.3775
258.75 344.375 280.6875 341.53125
258.75 306.25 279.8875 299.95
266.25 306.875 289.56875 299.81875
270.625 361.875 295.6875 360.1375
270.625 361.875 295.6875 360.1375
276.875 100.625 298.05 72.78125
276.875 100.625 298.05 72.78125
185.625 288.125 182.9375 281.99375
186.875 241.875 183.36875 231.09375
186.875 301.875 184.78125 296.5375
188.125 341.25 187.74375 340.25
188.75 245.625 185.2625 235.5125
190.0 260.625 187.825 252.05
190.0 260.625 187.825 252.05
191.25 334.375 191.725 332.71875
191.875 144.375 188.10625 124.225
192.5 138.75 188.30625 118.125
191.875 269.375 191.25625 261.35
193.75 349.375 195.0625 348.95
194.375 295.625 195.175 290.325
194.375 295.625 195.175 290.325
195.625 285.625 196.03125 279.00625
196.25 225.0 195.90625 212.3625
196.25 260.625 196.3375 251.7625
196.25 311.875 197.71875 308.2125
197.5 147.5 195.2125 127.08125
197.5 233.125 197.11875 221.5375
197.5 243.75 197.3875 233.16875
197.5 253.125 198.2 243.6875
197.5 253.125 198.2 243.6875
198.125 356.25 200.625 356.08125
198.125 356.25 200.625 356.08125
198.125 198.125 197.46875 183.125
198.75 236.25 198.58125 225.2625
198.75 320.625 200.36875 317.825
199.375 345.0 202.3625 343.6375
199.375 225.625 199.63125 212.6
200.0 163.75 199.2125 145.3875
200.0 156.875 198.8375 137.7
200.625 274.375 202.25 266.5125
201.25 291.875 203.24375 285.4125
201.25 247.5 202.5125 237.09375
201.25 247.5 202.5125 237.09375
201.875 251.25 203.91875 240.84375
201.875 251.25 203.91875 240.84375
203.125 145.625 202.725 125.64375
203.125 145.625 202.725 125.64375
203.75 244.375 205.74375 233.55625
203.75 244.375 205.74375 233.55625
203.75 375.0 208.99375 376.8875
205.0 336.25 209.8125 334.625
205.625 351.875 210.35625 351.80625
206.25 207.5 208.0 193.03125
206.875 234.375 209.85625 222.275
206.875 284.375 210.875 276.91875
206.875 284.375 210.875 276.91875
207.5 136.25 207.70625 114.5875
207.5 142.5 208.21875 121.09375
208.125 259.375 211.8125 249.7
208.75 297.5 212.9375 291.5
208.75 297.5 212.9375 291.5
208.75 243.125 211.8375 231.7625
208.75 243.125 211.8375 231.7625
210.0 333.125 215.85 330.825
210.0 155.625 212.125 135.91875
210.625 235.625 213.7 223.6125
210.625 170.625 212.63125 152.13125
210.625 291.875 215.4125 285.11875
210.625 122.5 212.33125 99.45
210.625 321.25 216.775 317.3125
211.875 146.875 213.76875 125.95
211.875 190.625 214.65 174.35
211.875 246.25 216.4125 234.9125
212.5 143.75 215.0125 122.775
212.5 236.875 217.025 224.74375
213.75 361.25 221.55 361.61875
214.375 109.375 215.7 84.6375
214.375 228.75 219.03125 215.8625
214.375 378.125 221.89375 379.825
214.375 255.625 219.73125 245.1625
215.625 217.5 220.8625 203.33125
217.5 311.875 224.6375 307.3375
217.5 311.875 224.6375 307.3375
216.875 348.75 226.05625 347.74375
216.875 348.75 226.05625 347.74375
218.125 215.625 223.48125 201.21875
218.125 293.125 225.65625 286.425
218.125 293.125 225.65625 286.425
218.125 335.0 226.94375 332.48125
218.75 148.75 222.84375 128.2375
218.75 219.375 224.7875 205.3125
219.375 145.625 223.68125 124.63125
220.0 98.125 223.19375 72.675
220.0 175.625 225.3375 157.6
220.0 225.625 226.36875 212.38125
220.0 225.625 226.36875 212.38125
220.625 138.125 225.14375 116.18125
220.625 236.875 227.4875 223.79375
220.625 315.625 229.34375 311.00625
221.25 93.75 225.3625 67.35
221.875 201.875 229.2375 186.54375
222.5 277.5 230.675 269.35
222.5 240.625 230.19375 228.825
222.5 199.375 228.58125 182.71875
222.5 348.75 232.85625 347.20625
223.125 223.125 230.13125 210.0125
223.125 354.375 233.91875 353.18125
224.375 101.25 229.20625 75.36875
224.375 101.25 229.20625 75.36875
224.375 186.25 230.63125 169.0
224.375 123.75 229.725 100.51875
225.625 116.25 230.4375 92.10625
225.625 202.5 232.6375 186.68125
225.625 370.625 236.83125 371.05
225.625 331.875 236.4875 329.34375
225.625 281.875 235.6375 273.49375
228.75 323.75 239.69375 319.5125
228.75 85.0 234.31875 57.74
228.75 292.5 239.85625 285.7625
230.0 152.5 237.4125 131.90625
230.0 282.5 240.35 274.575
230.625 340.625 242.875 338.3625
232.5 288.75 244.4875 281.60625
234.375 298.75 246.51875 292.8125
234.375 357.5 248.3 356.34375
235.625 341.875 249.24375 339.16875
235.625 367.5 249.90625 367.375
240.0 102.5 250.06875 76.825
241.25 363.125 256.98125 362.88125
241.25 328.125 256.2375 324.7
241.25 332.5 255.5625 328.70625
241.875 108.75 252.025 83.0625
241.875 95.0 252.19375 68.29375
245.0 63.75 255.275 34.451875
245.0 93.125 255.5 65.88125
245.0 90.625 256.225 63.44375
248.75 63.125 260.06875 32.986875
250.0 69.375 262.35625 39.975
252.5 96.875 265.91875 69.69375
254.375 370.625 273.8125 370.6375
255.0 76.875 268.38125 47.53375
255.625 103.75 269.775 76.98125
256.25 45.625 269.6625 13.9075
256.25 55.0 270.525 24.285625
256.875 366.875 277.79375 366.675
256.875 51.875 270.8625 20.31
257.5 107.5 272.64375 81.35
258.125 103.75 273.375 77.10625
260.0 81.875 275.60625 53.35625
260.625 366.25 282.825 365.3625
261.875 113.75 278.16875 87.88125
261.875 54.375 277.30625 23.39125
262.5 74.375 277.9375 45.01375
265.0 57.5 281.19375 26.4875
264.375 65.625 281.31875 35.63
265.0 76.875 281.05625 47.18
265.0 105.625 282.30625 78.86875
266.25 113.75 283.6375 87.43125
266.25 113.75 283.6375 87.43125
266.875 70.625 283.83125 40.3275
266.875 94.375 284.21875 66.6625
270.0 316.25 294.1125 309.9875
270.625 63.125 288.15625 32.224375
270.0 353.75 295.0 351.14375
271.25 74.375 290.275 44.9275
272.5 330.0 298.3125 324.89375
273.75 111.875 294.1 85.55
275.0 76.25 294.675 46.24875
276.25 84.375 296.13125 55.43875
276.25 307.5 301.48125 300.4125
276.25 315.625 301.3125 309.5125
276.25 371.875 302.375 371.025
276.875 119.375 297.5375 93.24375
281.875 104.375 305.30625 77.8
283.75 371.25 312.4875 369.8625
286.25 107.5 310.10625 80.1
289.375 361.875 320.08125 359.09375
291.875 288.75 322.0375 279.1125
296.875 332.5 329.38125 326.58125
298.75 216.875 329.1375 199.85625
298.75 223.125 329.0875 206.9125
300.625 258.125 332.6625 244.45
300.625 268.125 332.88125 256.28125
301.25 163.125 331.45625 140.89375
301.875 171.25 332.49375 149.7625
301.875 195.625 332.9875 176.63125
305.625 235.625 337.8 219.76875
305.625 243.125 337.875 228.31875
305.625 243.125 337.875 228.31875
306.25 231.25 338.21875 215.61875
306.25 186.25 337.65 166.96875
185.625 188.125 180.55 172.775
189.375 266.25 187.46875 257.9625
192.5 223.75 190.05625 211.26875
192.5 330.625 193.125 328.6875
194.375 320.625 195.49375 317.03125
194.375 320.625 195.49375 317.03125
197.5 348.75 200.325 348.1375
197.5 348.75 200.325 348.1375
198.125 309.375 200.1125 304.725
198.125 309.375 200.1125 304.725
198.75 257.5 199.74375 248.23125
307.5 222.5 339.875 205.11875
308.75 356.875 343.7125 353.70625
309.375 336.875 343.75625 331.375
310.0 165.625 342.05 143.5
311.25 168.75 342.8375 146.5875
311.25 153.125 342.9625 129.8
311.875 340.0 346.84375 334.94375
311.875 266.25 345.775 253.83125
311.875 346.875 347.31875 342.325
311.875 158.125 343.34375 135.00625
314.375 167.5 346.46875 145.11875
315.625 208.75 348.6 190.3625
315.625 173.125 347.875 150.63125
315.625 173.125 347.875 150.63125
316.25 281.875 350.525 271.2375
316.875 320.625 351.35625 313.3
316.875 368.75 351.85 366.8375
316.875 368.75 351.85 366.8375
317.5 199.375 349.94375 180.00625
318.125 300.625 352.625 291.125
321.25 296.875 355.66875 287.55625
321.25 173.125 353.60625 150.94375
321.25 186.875 353.7 166.275
323.125 300.625 357.625 291.34375
323.75 258.125 357.5375 244.23125
326.25 315.0 361.09375 307.25
326.25 173.75 359.1 151.41875
326.875 291.25 362.18125 280.69375
326.875 291.25 362.18125 280.69375
329.375 296.875 363.6 287.64375
330.0 175.0 363.00625 152.3
330.0 209.375 363.4875 189.99375
330.625 321.875 366.54375 314.60625
330.625 321.875 366.54375 314.60625
331.25 290.625 365.81875 280.45625
331.25 340.625 367.3625 335.68125
332.5 253.125 366.50625 238.95625
331.875 264.375 366.175 251.4625
333.125 148.125 365.79375 122.475
333.125 186.875 365.74375 164.925
333.125 321.25 369.05 314.30625
333.125 321.25 369.05 314.30625
333.75 210.0 367.15 190.58125
333.75 207.5 367.2375 188.26875
336.25 158.125 368.7625 133.5625
336.25 276.875 371.50625 264.65
337.5 135.625 370.075 108.0375
336.875 192.5 370.74375 171.01875
338.75 126.875 370.0375 99.05625
338.75 126.875 370.0375 99.05625
340.0 273.75 375.35 261.4625
340.625 263.75 375.0625 250.21875
340.625 145.625 373.50625 118.6125
341.25 192.5 374.5625 171.06875
341.25 192.5 374.5625 171.06875
341.25 296.25 376.8375 286.03125
341.875 246.25 377.45625 230.80625
341.875 129.375 374.05625 100.85625
343.75 290.0 379.7 279.29375
344.375 343.125 380.85625 338.69375
345.0 138.125 377.6125 110.3
345.625 326.25 381.925 319.7
346.25 313.125 382.4 304.85
346.875 205.625 381.18125 185.2625
348.125 136.875 380.20625 109.40625
348.125 271.875 383.78125 259.4625
348.75 221.875 383.9 203.3125
350.0 255.0 385.0875 240.2
350.625 286.25 385.98125 275.18125
351.25 180.0 384.60625 156.68125
353.125 305.0 389.4 295.3375
354.375 98.125 386.93125 65.45625
354.375 276.25 390.14375 263.6625
354.375 258.75 390.0 244.3125
359.375 170.0 392.99375 145.33125
360.625 143.125 394.11875 115.0375
360.625 193.75 394.84375 171.5875
362.5 310.0 400.425 301.24375
363.125 257.5 399.025 242.4625
364.375 75.0 396.575 39.070625
364.375 343.75 401.6375 339.175
364.375 100.625 398.0125 67.11875
365.0 217.5 401.2125 198.13125
365.625 124.375 399.1625 93.99375
365.625 348.75 403.43125 344.66875
366.25 83.125 399.05625 47.780625
366.875 118.125 400.03125 86.39375
366.875 139.375 400.6 110.10625
368.125 212.5 404.35 192.225
368.125 223.125 404.64375 203.7375
368.75 81.875 401.225 46.445625
368.75 256.875 404.2625 242.275
371.25 265.0 407.23125 251.03125
371.25 78.125 404.6375 41.2775
371.875 118.125 405.275 86.46875
372.5 244.375 409.28125 227.9625
373.125 334.375 411.78125 329.20625
375.0 130.625 409.08125 100.1875
375.0 250.625 411.025 234.9625
375.0 365.625 413.46875 363.49375
375.0 365.625 413.46875 363.49375
375.0 365.625 413.46875 363.49375
375.625 195.625 410.73125 173.41875
376.25 74.375 409.5125 36.968125
375.625 138.125 409.6875 108.33125
375.625 161.875 410.46875 134.575
376.25 320.625 414.65625 312.9375
376.25 77.5 409.225 40.750625
377.5 85.625 411.15625 49.4125
377.5 85.625 411.15625 49.4125
377.5 102.5 411.125 68.4375
377.5 144.375 412.34375 115.08125
378.75 356.25 416.89375 353.3375
380.0 73.125 413.425 35.815625
380.625 158.125 415.2625 129.99375
380.625 366.875 419.2 365.43125
380.625 88.125 414.775 52.46625
381.25 233.125 419.04375 215.1875
382.5 68.75 415.6125 30.120625
383.125 174.375 418.59375 148.275
383.125 107.5 417.775 73.325
383.125 107.5 417.775 73.325
385.625 151.875 420.7125 123.29375
386.875 290.625 424.30625 279.60625
387.5 106.25 422.19375 72.2
388.125 134.375 423.01875 103.09375
388.125 281.875 425.90625 269.14375
388.125 346.875 427.65625 343.09375
389.375 138.75 424.525 107.88125
389.375 340.625 428.6625 335.33125
389.375 340.625 428.6625 335.33125
390.0 221.875 427.21875 201.46875
391.25 163.125 426.99375 135.0625
391.875 103.75 426.69375 68.575
392.5 85.0 426.8125 47.530625
392.5 168.125 428.0625 141.1625
392.5 173.125 428.84375 147.20625
393.125 254.375 430.575 238.2125
394.375 149.375 430.475 119.46875
395.0 315.0 434.58125 306.9375
396.25 142.5 432.3625 112.0
397.5 351.875 436.375 348.43125
398.125 348.75 437.6 344.8625
398.125 348.75 437.6 344.8625
398.125 355.625 437.3625 352.64375
399.375 146.25 434.63125 115.875
399.375 269.375 437.85 255.10625
400.0 178.125 436.3625 152.23125
401.25 97.5 436.6 60.868125
401.25 97.5 436.6 60.868125
401.25 155.625 437.73125 126.4125
401.875 126.25 437.6125 93.175
401.875 150.0 438.56875 120.19375
402.5 113.75 438.2625 79.325
402.5 113.75 438.2625 79.325
402.5 341.875 442.4375 336.94375
404.375 321.25 444.125 314.05
405.625 141.875 441.46875 111.03125
406.25 122.5 442.25 88.46875
408.75 333.125 449.14375 326.64375
408.75 174.375 446.4875 146.69375
409.375 308.125 449.325 298.4625
409.375 308.125 449.325 298.4625
411.875 183.125 448.5125 156.93125
411.875 341.25 452.86875 336.41875
413.125 277.5 452.85 263.6875
413.75 324.375 454.69375 317.15625
414.375 132.5 451.51875 98.88125
416.25 181.875 454.45 155.23125
416.25 181.875 454.45 155.23125
415.625 185.0 453.95 158.75625
417.5 276.875 457.44375 263.40625
417.5 128.75 455.13125 94.69375
417.5 229.375 456.425 208.93125
417.5 293.125 458.0 281.83125
418.125 258.75 457.7625 242.60625
418.125 324.375 459.1125 317.15
418.125 324.375 459.1125 317.15
418.75 156.25 456.325 125.875
418.75 303.75 459.68125 293.625
418.75 221.25 458.225 199.71875
419.375 218.125 458.79375 196.00625
420.0 281.25 460.35 267.99375
420.0 345.625 461.55 340.71875
420.625 206.25 460.05625 182.6625
421.25 298.125 462.3 287.7875
421.25 298.125 462.3 287.7875
423.125 222.5 462.00625 200.9
423.125 222.5 462.00625 200.9
424.375 128.125 462.78125 93.88125
424.375 191.875 463.65625 166.3
424.375 304.375 466.0875 294.15
427.5 210.625 467.5 187.36875
427.5 359.375 469.6125 356.96875
428.125 235.625 467.96875 216.26875
428.125 235.625 467.96875 216.26875
428.75 346.25 471.025 342.25
428.75 139.375 467.46875 106.2875
430.0 238.75 471.325 219.13125
430.625 141.875 469.34375 108.95
431.25 189.375 471.09375 162.89375
433.125 150.625 472.59375 119.05625
433.125 312.5 475.925 303.6
435.0 262.5 476.5625 246.30625
435.0 262.5 476.5625 246.30625
435.0 189.375 475.34375 162.81875
435.625 341.875 478.65 337.1125
435.625 341.875 478.65 337.1125
435.625 141.875 475.0875 108.15
436.25 360.0 479.39375 357.7625
438.125 345.625 481.75 341.2875
439.375 231.25 480.83125 210.2875
439.375 312.5 482.23125 303.5
440.625 321.25 484.26875 313.325
442.5 143.125 482.34375 109.71875
442.5 295.625 484.75 284.09375
443.125 278.75 486.05 264.70625
443.125 293.125 486.19375 280.79375
443.125 220.625 485.15 197.5
444.375 315.625 487.7125 306.675
445.0 147.5 485.2875 114.5625
445.0 297.5 488.8125 285.9875
446.875 149.375 487.0625 116.21875
446.875 292.5 490.65 280.675
447.5 202.5 489.3125 177.09375
447.5 245.0 490.3125 225.83125
448.125 299.375 491.96875 288.31875
451.875 261.25 495.1125 244.06875
451.25 343.75 496.74375 339.175
451.875 350.0 497.025 346.19375
453.125 313.75 497.9875 304.73125
453.75 186.875 495.79375 159.1875
453.75 252.5 497.06875 234.34375
455.0 259.375 498.675 241.85
455.0 259.375 498.675 241.85
454.375 301.25 498.95 290.49375
455.625 208.125 498.1375 182.59375
455.625 208.125 498.1375 182.59375
455.625 250.0 499.625 231.16875
455.625 250.0 499.625 231.16875
457.5 215.625 500.85 191.3
458.75 259.375 502.84375 241.7625
458.75 219.375 502.8125 195.30625
460.0 353.75 505.93125 351.025
460.625 319.375 505.775 310.325
461.875 313.125 507.76875 303.89375
461.875 313.125 507.76875 303.89375
463.125 285.625 508.19375 272.60625
463.75 344.375 510.275 339.80625
464.375 184.375 507.25625 155.28125
464.375 296.875 510.85 285.23125
465.0 347.5 511.7375 343.35
465.625 266.25 510.5125 249.8
467.5 201.875 511.44375 175.75625
468.125 300.0 514.375 288.6
470.0 344.375 516.78125 339.65625
474.375 343.125 522.1375 338.175
476.25 236.875 522.58125 215.35
307.5 239.375 340.1125 224.2625
308.125 218.125 339.6625 201.79375
310.625 228.75 343.89375 212.6125
311.25 363.125 347.325 360.275
313.125 322.5 347.4125 315.65625
313.75 182.5 346.2875 161.45
314.375 233.75 348.06875 217.63125
315.625 331.25 350.50625 325.4375
318.125 334.375 354.175 328.70625
318.75 169.375 351.14375 146.71875
318.75 300.625 352.625 291.125
318.75 300.625 352.625 291.125
319.375 323.75 354.50625 317.0125
320.0 157.5 352.225 133.48125
320.0 213.125 353.325 194.86875
321.875 287.5 355.85 277.0125
322.5 179.375 355.63125 157.125
323.125 268.125 357.61875 255.70625
323.75 160.625 355.825 137.19375
324.375 281.875 358.4125 271.14375
325.625 145.0 358.025 119.75625
325.625 251.875 359.775 237.55
326.875 183.75 359.70625 162.1875
328.125 271.875 362.6 259.7625
328.125 318.75 363.39375 311.425
328.125 267.5 363.55 254.81875
328.75 327.5 364.2625 321.1875
329.375 168.75 361.775 145.04375
331.25 181.875 364.65 160.09375
331.25 181.875 364.65 160.09375
333.75 178.125 367.2375 155.86875
334.375 311.875 370.275 304.04375
335.625 178.125 369.15625 155.4375
335.625 178.125 369.15625 155.4375
336.875 206.25 370.70625 186.675
336.875 321.25 372.3125 314.43125
336.875 321.25 372.3125 314.43125
338.75 122.5 371.16875 93.83125
338.75 186.25 372.30625 163.98125
340.0 177.5 372.94375 154.3125
341.875 234.375 377.3 217.88125
342.5 173.125 375.56875 149.225
342.5 286.25 378.2375 275.49375
343.75 122.5 375.83125 93.6
345.0 159.375 378.18125 133.75
346.25 126.25 379.0625 97.40625
346.875 230.0 382.63125 212.81875
351.875 156.25 384.96875 130.16875
352.5 327.5 389.35 320.29375
353.125 340.0 389.83125 334.7875
355.625 108.75 388.175 77.25
357.5 276.25 393.15 263.8375
361.875 163.75 395.6625 137.8625
361.875 163.75 395.6625 137.8625
365.0 291.25 400.43125 280.5
368.125 142.5 401.8625 114.04375
367.5 121.25 401.23125 89.8375
368.125 75.0 401.04375 38.46
368.125 75.0 401.04375 38.46
368.125 269.375 404.725 255.8625
368.125 269.375 404.725 255.8625
369.375 200.0 405.0 177.75
370.625 170.0 405.16875 143.9125
370.625 250.625 406.49375 234.41875
370.625 371.25 408.675 370.19375
370.625 341.25 408.89375 335.91875
370.625 341.25 408.89375 335.91875
370.625 352.5 409.325 349.01875
372.5 192.5 407.49375 169.70625
372.5 199.375 407.18125 177.3375
375.0 115.0 408.4375 82.74375
375.0 115.0 409.38125 82.1125
375.625 92.5 408.5375 57.319375
375.625 121.25 409.1875 89.5625
376.875 341.25 415.2625 336.0375
377.5 88.75 410.70625 53.1525
377.5 135.625 411.75 105.675
377.5 135.625 411.75 105.675
380.625 78.75 414.34375 41.62125
383.125 167.5 418.4125 141.08125
385.625 118.75 420.79375 85.49375
386.875 182.5 422.4875 157.83125
387.5 254.375 424.5875 238.8625
389.375 268.75 427.4625 254.55625
390.625 108.125 425.525 74.025
391.25 295.0 429.3625 283.8375
393.125 291.25 431.23125 279.45625
398.125 321.25 437.7 313.5375
400.625 285.0 439.35 272.5
401.25 316.25 440.6375 307.8375
402.5 106.25 437.86875 71.09375
403.75 196.875 440.8 172.84375
405.625 246.25 445.13125 228.75625
410.625 250.0 448.875 232.925
413.125 245.0 451.90625 226.225
414.375 148.125 451.40625 117.00625
414.375 169.375 452.15625 140.98125
415.625 193.75 453.6875 168.59375
418.125 285.0 458.25 272.43125
418.75 213.75 457.38125 191.24375
420.625 290.0 461.50625 277.9
420.625 290.0 461.50625 277.9
421.25 185.625 460.4375 158.9
423.125 158.75 461.45625 128.0625
423.125 158.75 461.45625 128.0625
426.25 186.875 464.8625 160.0875
426.25 268.75 467.0625 253.84375
426.25 268.75 467.0625 253.84375
426.25 338.125 467.70625 333.29375
428.125 330.625 469.85625 324.10625
428.125 280.0 469.23125 266.28125
429.375 283.75 470.8 270.5875
429.375 283.75 470.8 270.5875
430.625 290.0 471.65625 277.79375
431.875 307.5 474.4625 297.43125
433.125 221.25 473.925 198.73125
436.25 286.25 477.9625 273.7125
436.25 286.25 477.9625 273.7125
435.625 306.875 478.26875 296.71875
436.25 182.5 477.20625 154.875
436.875 136.875 475.41875 102.80625
439.375 360.0 482.7125 357.9125
441.25 226.25 482.225 204.2875
441.875 282.5 484.4125 269.06875
442.5 312.5 485.6875 303.15
448.125 183.75 489.94375 155.39375
451.25 336.25 496.59375 330.5625
454.375 318.75 499.21875 310.2625
454.375 318.75 499.21875 310.2625
455.0 334.375 500.4375 328.625
455.625 315.0 499.9625 305.45625
455.625 315.0 499.9625 305.45625
456.25 322.5 501.14375 314.4375
456.25 163.125 498.2125 131.1125
456.25 343.75 501.725 339.0875
456.25 343.75 501.725 339.0875
456.875 277.5 501.45 263.08125
464.375 315.625 510.95625 306.525
470.0 354.375 517.23125 350.9875
470.625 224.375 515.86875 200.99375
470.625 224.375 515.86875 200.99375
474.375 351.25 522.2125 347.58125
313.75 242.5 347.28125 227.4875
315.0 176.875 347.725 155.05
317.5 161.25 349.5875 137.46875
318.125 206.25 351.05 187.06875
323.125 190.625 355.81875 169.8625
326.875 202.5 360.05 182.76875
329.375 286.25 363.88125 275.8
329.375 214.375 362.94375 195.7625
336.875 170.0 370.2375 146.70625
338.125 135.0 370.075 108.0375
345.625 308.75 381.7375 300.2875
345.625 308.75 381.7375 300.2875
346.25 303.75 382.0125 294.6375
346.875 181.25 381.0875 157.95
349.375 146.25 382.63125 119.49375
351.25 172.5 384.85625 148.575
353.125 295.625 389.69375 285.2125
353.75 280.0 389.875 268.43125
355.0 335.0 392.85 329.625
365.625 200.0 399.80625 178.45
370.0 186.25 404.7625 162.18125
373.125 371.25 411.3625 370.15
390.0 286.25 427.65625 274.475
391.875 184.375 428.2375 158.88125
396.25 297.5 434.61875 287.0625
396.25 293.75 434.78125 282.64375
403.75 146.875 440.30625 116.39375
404.375 153.125 440.8625 123.25625
408.75 201.25 446.86875 177.48125
415.0 200.0 452.85625 175.65625
415.0 201.875 453.075 177.93125
415.625 335.0 457.3625 329.65
419.375 358.75 460.50625 356.24375
421.25 262.5 461.6625 246.55
423.125 158.75 461.45625 128.0625
423.125 158.75 461.45625 128.0625
425.625 290.0 466.9 277.6625
430.0 266.875 470.85625 251.3375
430.625 341.875 473.29375 337.18125
433.75 193.125 473.625 166.825
434.375 346.25 477.46875 341.6125
436.25 153.75 475.975 121.7875
438.125 270.625 479.775 255.43125
440.625 258.125 482.93125 240.8625
445.0 266.25 487.76875 250.5
446.875 338.75 491.13125 333.5125
450.625 156.25 491.5625 123.425
450.625 241.875 492.8625 221.79375
450.625 241.875 492.8625 221.79375
451.25 318.75 495.21875 310.0875
459.375 350.0 504.95 346.55625
470.0 313.75 516.5625 304.6375
476.25 246.875 523.34375 226.33125
476.875 339.375 525.83125 333.6875
476.875 346.875 525.70625 342.25
477.5 320.625 525.6375 312.375
305.625 235.625 337.8 219.76875
305.625 243.125 337.875 228.31875
305.625 243.125 337.875 228.31875
306.25 231.25 338.21875 215.61875
306.25 186.25 337.65 166.96875
306.875 324.375 341.86875 318.1625
308.125 286.25 342.44375 275.6
308.75 305.0 343.2 296.5125
308.75 305.0 343.2 296.5125
310.0 192.5 342.01875 172.9625
310.0 192.5 342.01875 172.9625
311.25 164.375 343.46875 141.4625
311.875 302.5 346.075 293.8875
311.875 292.5 346.25625 282.91875
312.5 166.25 344.10625 144.1
313.75 340.625 349.075 335.9875
315.0 155.625 346.63125 131.875
314.375 164.375 346.70625 141.1125
315.625 290.0 350.53125 280.00625
315.625 315.625 350.5 308.25625
315.625 333.125 350.78125 327.3375
316.875 158.125 349.33125 134.84375
317.5 318.75 351.65625 311.3375
317.5 143.125 349.08125 118.33125
317.5 325.625 352.875 319.25
318.125 347.5 353.41875 343.3625
318.75 266.875 352.7375 254.6
318.75 171.875 351.08125 149.34375
319.375 146.875 350.9875 122.2
320.0 236.875 353.55 221.0375
320.0 143.75 351.51875 118.71875
320.625 169.375 353.3625 146.40625
321.25 159.375 353.35 135.975
321.875 306.25 356.15625 297.83125
321.875 295.625 356.31875 285.76875
321.875 335.625 357.825 330.2625
324.375 270.0 358.4875 257.7375
324.375 270.0 358.4875 257.7375
325.625 280.625 359.9625 268.9875
325.0 333.125 360.70625 327.18125
325.625 316.875 360.78125 309.7
326.25 298.75 361.675 289.4375
326.25 341.25 361.63125 336.2625
326.25 329.375 361.2 323.11875
476.25 236.875 522.58125 215.35
480.0 291.25 529.34375 278.46875
481.25 330.625 531.925 323.7875
481.875 319.375 534.05 310.925
486.875 300.625 540.75 288.4875
491.875 256.875 547.0875 237.7
496.25 316.875 554.48125 307.25625
496.875 231.875 554.825 209.36875
497.5 295.625 556.74375 283.025
498.125 238.125 556.54375 216.3
497.5 362.5 557.88125 359.5
499.375 358.75 561.025 354.78125
500.0 277.5 560.475 261.30625
502.5 231.25 563.8125 208.44375
502.5 266.25 563.25 248.1
505.625 236.875 568.2375 214.00625
506.875 283.75 570.5375 269.13125
511.875 305.625 577.625 293.3625
515.625 344.375 585.43125 337.3625
520.625 303.75 591.8375 290.63125
533.125 358.125 610.59375 351.93125
533.125 360.625 610.40625 354.475
539.375 235.625 618.06875 211.79375
540.0 305.625 620.76875 292.14375
543.75 287.5 625.875 270.65
480.625 218.125 529.20625 193.825
486.25 200.0 538.1 172.8125
490.625 295.0 546.3875 281.7375
493.125 347.5 550.53125 342.1375
496.25 358.75 555.675 355.5
500.625 317.5 561.625 307.53125
505.0 233.125 567.69375 210.28125
531.25 325.0 608.375 314.4125
531.875 330.625 608.63125 320.63125
531.875 340.0 608.9875 330.475
532.5 315.625 609.2625 303.75
476.875 339.375 525.83125 333.6875
476.875 346.875 525.70625 342.25
477.5 320.625 525.6375 312.375
520.625 320.625 591.85 309.55
531.25 255.625 606.2875 234.6
531.25 255.625 606.2875 234.6
531.875 297.5 608.21875 283.5875
476.25 281.875 524.00625 267.34375
477.5 235.625 525.28125 214.30625
477.5 248.75 525.9625 229.25
480.0 238.75 529.38125 217.59375
481.25 348.125 532.14375 343.94375
481.875 373.75 534.05 373.425
485.625 198.125 536.9625 170.1125
486.25 273.125 540.1 256.8
486.25 273.125 540.1 256.8
489.375 361.25 545.33125 358.025
493.125 229.375 549.125 206.4125
495.0 229.375 551.55 206.5125
495.625 330.0 553.2375 322.35
496.875 356.875 556.01875 352.53125
497.5 361.25 557.63125 357.55
500.625 220.625 560.6375 195.65625
500.625 272.5 560.6125 256.0875
500.625 220.625 560.6375 195.65625
501.25 275.0 561.3625 258.9875
502.5 363.125 564.91875 359.34375
502.5 363.125 564.91875 359.34375
502.5 332.5 564.8 324.10625
503.75 359.375 567.0 355.6375
504.375 230.0 565.7625 206.8125
508.75 286.875 574.0875 271.35625
511.25 365.0 578.31875 361.51875
512.5 346.875 579.425 340.625
512.5 346.875 579.425 340.625
513.125 296.875 580.04375 283.525
513.125 296.875 580.04375 283.525
513.125 300.625 581.125 287.2375
513.125 304.375 580.7 292.43125
513.125 304.375 580.7 292.43125
530.0 326.25 606.125 315.73125
533.75 331.25 611.06875 321.96875
534.375 283.125 611.775 266.81875
540.625 344.375 622.51875 335.675
540.625 344.375 622.51875 335.675
541.25 273.125 622.53125 254.68125
481.25 265.625 531.06875 248.01875
481.25 265.625 531.06875 248.01875
482.5 366.875 535.25 365.23125
482.5 366.875 535.25 365.23125
482.5 306.25 534.79375 295.3
489.375 296.875 543.69375 283.9
495.0 338.125 553.41875 332.25
498.125 293.75 557.1625 280.4625
510.0 341.875 575.46875 334.8
513.125 265.625 579.775 246.95625
515.625 254.375 583.38125 233.90625
523.125 305.625 595.05625 293.08125
528.75 244.375 603.05 222.55
528.75 281.875 603.75 265.29375
533.125 318.125 610.075 306.1625
539.375 303.75 619.41875 289.65625
541.875 288.125 623.29375 271.925
478.125 230.625 526.7125 208.46875
495.0 350.0 553.825 345.10625
508.75 228.125 573.2625 204.2875
510.0 322.5 575.2375 312.8625
514.375 230.625 581.16875 207.0
515.625 258.75 583.03125 238.95625
515.625 346.875 584.75 339.7
515.625 346.875 584.75 339.7
534.375 355.625 612.26875 349.3625
476.25 233.125 522.96875 210.38125
476.875 338.75 525.83125 333.6875
502.5 211.875 562.7 186.075
505.0 256.875 567.2875 237.44375
505.0 256.875 567.2875 237.44375
508.75 367.5 574.8125 364.3875
511.25 230.0 576.925 205.25625
511.875 243.125 578.0 221.39375
516.875 366.25 586.00625 362.53125
520.625 349.375 592.58125 342.96875
531.25 281.875 607.21875 265.125
531.25 281.875 607.21875 265.125
544.375 345.625 627.5 336.60625
476.875 342.5 526.09375 337.69375
503.75 226.25 564.93125 202.6
476.875 363.75 526.3375 362.5
503.75 236.25 564.8375 214.4125
513.125 351.875 580.65625 347.04375
490.625 349.375 546.98125 344.39375
487.5 290.625 541.44375 277.19375
508.75 255.625 573.65 236.40625
508.75 255.625 573.65 236.40625
528.75 294.375 603.25625 278.8375
492.5 356.875 549.0125 352.88125
504.375 328.125 566.8625 319.3375
510.625 296.25 576.2 282.40625
494.375 291.875 552.275 277.9375
173.75 91.875 183.14375 70.13125
185.0 101.25 190.10625 79.03125
45.625 141.25 61.161875 131.75625
195.0 76.875 205.7625 52.779375
195.0 76.875 205.7625 52.779375
219.375 50.0 234.875 22.15875
23.75 106.875 55.1725 99.05
213.75 61.25 226.80625 34.4725
141.875 108.125 150.575 89.8375
146.875 128.125 149.0875 110.44375
156.25 101.875 165.41875 81.85
194.375 83.75 202.99375 59.820625
20.625 123.125 47.988125 114.7
80.0 83.125 107.3625 70.53125
120.625 75.625 142.6875 58.726875
193.75 87.5 202.03125 63.4
116.25 103.75 130.6875 87.8125
130.0 108.125 141.0125 91.325
251.25 215.625 263.725 199.86875
257.5 170.625 269.2375 150.75
263.125 151.875 275.775 129.44375
268.125 219.375 284.7625 203.35
273.125 162.5 289.74375 140.35625
283.125 181.875 303.675 161.8375
287.5 195.625 310.19375 177.05625
286.875 207.5 310.3 189.71875
286.875 215.625 310.5 198.91875
290.0 184.375 312.80625 164.475
293.125 146.875 315.475 122.56875
255.0 217.5 267.76875 201.93125
275.0 209.375 294.0625 192.475
284.375 147.5 303.49375 123.3875
284.375 151.875 304.3875 128.26875
263.75 138.75 276.15 114.41875
284.375 155.625 304.3875 132.76875
253.125 214.375 266.0375 198.70625
288.75 138.125 308.85 112.7375
288.75 138.125 308.85 112.7375
289.375 195.625 312.25 176.8625
288.75 206.875 312.34375 189.25625
290.0 165.0 312.34375 142.5875
292.5 149.375 315.0625 125.5625
254.375 190.625 266.5625 172.9
260.0 132.5 271.31875 108.3125
267.5 133.75 280.975 108.95625
267.5 133.75 280.975 108.95625
288.125 220.625 311.83125 204.025
288.75 216.25 312.45 198.85625
270.625 180.625 287.1375 160.83125
276.875 223.125 297.0 207.575
288.125 220.625 311.83125 204.025
290.625 143.125 312.175 118.925
263.125 176.25 276.325 156.11875
263.125 176.25 276.325 156.11875
274.375 191.875 292.71875 173.49375
274.375 191.875 292.71875 173.49375
275.625 181.875 293.41875 162.7
285.0 195.625 306.4125 177.25625
285.0 195.625 306.4125 177.25625
270.625 180.625 287.1375 160.83125
270.625 180.625 287.1375 160.83125
280.625 171.875 300.13125 150.69375
269.375 200.0 286.09375 181.9
269.375 193.75 286.25625 175.4625
269.375 193.75 286.25625 175.4625
280.0 203.125 299.83125 185.75
252.5 225.625 265.54375 211.14375
263.75 190.0 278.4125 171.05625
285.625 186.25 307.1375 167.0625
293.125 140.0 315.2625 115.10625
289.375 257.5 314.6125 244.5125
289.375 257.5 314.6125 244.5125
