87 5
92 5
230 5
335 5
336 5
340 5
353 5
356 5
417 5
418 5
419 5
423 5
424 5
462 5
555 5
557 5
86 6
87 6
91 6
92 6
230 6
232 6
336 6
337 6
338 6
341 6
342 6
343 6
353 6
355 6
419 6
420 6
421 6
424 6
425 6
461 6
555 6
557 6
85 7
86 7
90 7
91 7
229 7
232 7
339 7
340 7
344 7
345 7
352 7
355 7
421 7
422 7
426 7
427 7
461 7
84 8
85 8
88 8
89 8
90 8
228 8
229 8
231 8
340 8
341 8
342 8
345 8
346 8
347 8
352 8
354 8
423 8
424 8
428 8
429 8
430 8
460 8
84 9
88 9
227 9
228 9
231 9
342 9
343 9
344 9
347 9
348 9
351 9
352 9
354 9
424 9
425 9
426 9
430 9
431 9
432 9
460 9
554 9
83 10
84 10
87 10
88 10
227 10
230 10
231 10
344 10
345 10
348 10
349 10
351 10
353 10
354 10
427 10
428 10
432 10
433 10
459 10
460 10
554 10
82 11
83 11
86 11
87 11
226 11
227 11
229 11
230 11
345 11
346 11
349 11
350 11
353 11
429 11
430 11
434 11
435 11
459 11
554 11
81 12
82 12
86 12
225 12
226 12
229 12
346 12
347 12
351 12
352 12
353 12
431 12
432 12
436 12
459 12
553 12
81 13
86 13
225 13
228 13
229 13
347 13
348 13
351 13
352 13
432 13
433 13
434 13
456 13
458 13
553 13
80 14
81 14
86 14
224 14
225 14
227 14
228 14
348 14
350 14
351 14
434 14
435 14
456 14
458 14
553 14
79 15
80 15
85 15
86 15
223 15
224 15
227 15
347 15
350 15
455 15
458 15
552 15
78 16
79 16
82 16
83 16
85 16
222 16
223 16
226 16
227 16
346 16
349 16
350 16
457 16
552 16
77 17
78 17
81 17
82 17
222 17
226 17
346 17
348 17
349 17
457 17
552 17
76 18
77 18
81 18
221 18
225 18
226 18
345 18
348 18
457 18
551 18
552 18
75 19
76 19
80 19
81 19
221 19
225 19
345 19
348 19
457 19
74 20
75 20
79 20
80 20
220 20
221 20
224 20
225 20
344 20
345 20
347 20
454 20
456 20
73 21
74 21
79 21
220 21
223 21
224 21
344 21
347 21
451 21
454 21
455 21
456 21
73 22
77 22
78 22
79 22
219 22
220 22
222 22
223 22
344 22
346 22
347 22
452 22
553 22
72 23
73 23
76 23
77 23
219 23
222 23
343 23
346 23
453 23
553 23
71 24
72 24
75 24
218 24
219 24
221 24
222 24
343 24
345 24
454 24
552 24
70 25
74 25
217 25
218 25
221 25
342 25
345 25
454 25
455 25
552 25
69 26
70 26
73 26
217 26
220 26
221 26
342 26
344 26
345 26
455 26
456 26
552 26
69 27
216 27
217 27
219 27
220 27
341 27
344 27
456 27
457 27
458 27
549 27
552 27
68 28
69 28
215 28
216 28
219 28
341 28
344 28
458 28
459 28
544 28
545 28
548 28
549 28
551 28
67 29
68 29
214 29
215 29
218 29
340 29
341 29
343 29
451 29
459 29
460 29
461 29
546 29
547 29
551 29
66 30
67 30
214 30
217 30
218 30
340 30
343 30
450 30
451 30
462 30
463 30
543 30
544 30
551 30
66 31
213 31
214 31
217 31
337 31
338 31
339 31
340 31
342 31
450 31
453 31
463 31
464 31
544 31
545 31
546 31
550 31
65 32
66 32
213 32
216 32
217 32
337 32
342 32
450 32
452 32
464 32
465 32
546 32
550 32
64 33
65 33
212 33
215 33
216 33
338 33
341 33
342 33
450 33
452 33
465 33
466 33
546 33
547 33
549 33
550 33
63 34
64 34
212 34
215 34
338 34
341 34
450 34
452 34
466 34
467 34
549 34
62 35
63 35
211 35
214 35
215 35
338 35
340 35
341 35
449 35
451 35
467 35
468 35
61 36
62 36
210 36
211 36
213 36
214 36
337 36
340 36
449 36
451 36
468 36
469 36
61 37
209 37
210 37
213 37
337 37
339 37
448 37
451 37
470 37
471 37
60 38
61 38
208 38
209 38
212 38
213 38
337 38
339 38
448 38
450 38
471 38
472 38
548 38
549 38
59 39
60 39
69 39
208 39
211 39
212 39
336 39
339 39
447 39
450 39
549 39
550 39
58 40
59 40
69 40
70 40
71 40
207 40
208 40
211 40
335 40
336 40
338 40
447 40
449 40
550 40
58 41
71 41
72 41
73 41
206 41
207 41
210 41
211 41
335 41
338 41
447 41
449 41
550 41
57 42
58 42
74 42
75 42
205 42
206 42
210 42
334 42
337 42
446 42
449 42
550 42
56 43
57 43
69 43
70 43
75 43
76 43
205 43
209 43
210 43
333 43
334 43
336 43
337 43
446 43
448 43
549 43
55 44
56 44
70 44
71 44
76 44
77 44
204 44
205 44
208 44
209 44
333 44
336 44
445 44
448 44
549 44
54 45
55 45
72 45
73 45
74 45
78 45
79 45
204 45
208 45
332 45
333 45
335 45
336 45
445 45
447 45
54 46
75 46
79 46
80 46
81 46
82 46
204 46
207 46
330 46
331 46
332 46
334 46
335 46
445 46
447 46
53 47
54 47
76 47
83 47
84 47
85 47
203 47
207 47
334 47
444 47
447 47
52 48
53 48
76 48
77 48
85 48
86 48
87 48
202 48
203 48
207 48
208 48
330 48
333 48
334 48
444 48
446 48
546 48
51 49
52 49
77 49
78 49
79 49
87 49
88 49
89 49
202 49
205 49
209 49
210 49
331 49
333 49
443 49
444 49
446 49
546 49
51 50
80 50
81 50
82 50
83 50
84 50
85 50
89 50
90 50
201 50
202 50
204 50
205 50
211 50
330 50
333 50
443 50
446 50
545 50
50 51
51 51
86 51
90 51
91 51
92 51
200 51
201 51
204 51
214 51
215 51
329 51
330 51
332 51
443 51
445 51
545 51
49 52
50 52
87 52
88 52
92 52
93 52
94 52
199 52
200 52
203 52
204 52
211 52
212 52
216 52
217 52
329 52
332 52
443 52
445 52
543 52
544 52
545 52
48 53
49 53
88 53
89 53
90 53
94 53
95 53
96 53
198 53
199 53
202 53
203 53
213 53
214 53
217 53
218 53
329 53
331 53
444 53
445 53
48 54
90 54
91 54
92 54
97 54
98 54
99 54
198 54
201 54
202 54
214 54
215 54
216 54
221 54
222 54
328 54
331 54
442 54
444 54
47 55
48 55
92 55
93 55
99 55
100 55
101 55
197 55
198 55
201 55
217 55
218 55
222 55
223 55
328 55
331 55
442 55
444 55
46 56
47 56
94 56
95 56
102 56
103 56
197 56
200 56
201 56
219 56
220 56
224 56
225 56
328 56
330 56
442 56
444 56
45 57
46 57
96 57
97 57
103 57
104 57
196 57
197 57
200 57
221 57
222 57
226 57
227 57
327 57
331 57
332 57
441 57
443 57
45 58
98 58
99 58
100 58
105 58
106 58
107 58
195 58
196 58
199 58
200 58
223 58
224 58
228 58
229 58
230 58
327 58
332 58
333 58
441 58
443 58
44 59
45 59
100 59
101 59
107 59
108 59
109 59
110 59
195 59
199 59
225 59
226 59
231 59
232 59
233 59
326 59
329 59
330 59
334 59
335 59
441 59
443 59
43 60
44 60
101 60
102 60
103 60
111 60
112 60
194 60
195 60
198 60
199 60
227 60
228 60
229 60
233 60
234 60
235 60
326 60
328 60
329 60
331 60
332 60
336 60
337 60
440 60
442 60
42 61
43 61
103 61
104 61
105 61
193 61
194 61
197 61
198 61
230 61
231 61
235 61
236 61
237 61
326 61
328 61
333 61
334 61
337 61
338 61
440 61
442 61
42 62
106 62
107 62
108 62
193 62
196 62
197 62
232 62
233 62
237 62
238 62
239 62
325 62
328 62
334 62
335 62
339 62
340 62
440 62
442 62
41 63
42 63
108 63
109 63
113 63
114 63
192 63
193 63
196 63
234 63
235 63
239 63
240 63
325 63
327 63
336 63
337 63
341 63
342 63
343 63
439 63
40 64
41 64
109 64
110 64
111 64
115 64
116 64
191 64
192 64
195 64
196 64
236 64
237 64
241 64
242 64
324 64
327 64
338 64
339 64
343 64
344 64
345 64
439 64
39 65
40 65
111 65
112 65
113 65
116 65
190 65
191 65
195 65
238 65
239 65
243 65
244 65
245 65
246 65
324 65
326 65
327 65
340 65
341 65
345 65
346 65
439 65
441 65
442 65
39 66
114 66
115 66
116 66
189 66
190 66
194 66
195 66
239 66
240 66
241 66
246 66
247 66
323 66
326 66
342 66
343 66
347 66
348 66
438 66
439 66
442 66
443 66
444 66
38 67
39 67
189 67
193 67
194 67
242 67
243 67
244 67
248 67
249 67
322 67
323 67
325 67
343 67
344 67
345 67
349 67
350 67
438 67
444 67
445 67
446 67
37 68
38 68
193 68
245 68
246 68
249 68
250 68
251 68
322 68
325 68
345 68
346 68
347 68
351 68
352 68
438 68
440 68
441 68
442 68
443 68
447 68
448 68
36 69
37 69
188 69
189 69
192 69
193 69
246 69
247 69
251 69
252 69
322 69
324 69
347 69
348 69
349 69
353 69
354 69
443 69
444 69
445 69
446 69
451 69
452 69
36 70
187 70
188 70
191 70
192 70
248 70
249 70
253 70
254 70
255 70
321 70
324 70
340 70
341 70
342 70
343 70
344 70
349 70
350 70
351 70
355 70
356 70
357 70
452 70
453 70
35 71
36 71
187 71
191 71
250 71
251 71
252 71
256 71
257 71
321 71
323 71
336 71
337 71
338 71
339 71
351 71
352 71
353 71
357 71
358 71
454 71
455 71
533 71
534 71
535 71
34 72
35 72
186 72
190 72
191 72
252 72
253 72
254 72
258 72
259 72
320 72
321 72
323 72
341 72
342 72
343 72
344 72
354 72
355 72
359 72
360 72
361 72
455 72
456 72
532 72
533 72
541 72
542 72
543 72
33 73
34 73
185 73
186 73
190 73
254 73
255 73
256 73
259 73
260 73
319 73
320 73
323 73
336 73
337 73
338 73
339 73
340 73
356 73
357 73
361 73
362 73
363 73
452 73
453 73
457 73
458 73
459 73
532 73
540 73
541 73
543 73
544 73
545 73
546 73
33 74
138 74
139 74
184 74
185 74
189 74
190 74
256 74
257 74
261 74
262 74
319 74
322 74
323 74
358 74
359 74
364 74
365 74
453 74
454 74
455 74
459 74
460 74
461 74
531 74
534 74
546 74
32 75
33 75
140 75
141 75
184 75
188 75
189 75
258 75
259 75
263 75
319 75
321 75
322 75
360 75
361 75
362 75
365 75
366 75
428 75
429 75
430 75
431 75
432 75
456 75
457 75
461 75
462 75
531 75
542 75
543 75
31 76
32 76
184 76
188 76
260 76
261 76
264 76
319 76
321 76
363 76
367 76
368 76
458 76
459 76
463 76
464 76
541 76
544 76
545 76
30 77
31 77
183 77
184 77
187 77
188 77
261 77
262 77
265 77
318 77
321 77
364 77
365 77
369 77
370 77
436 77
437 77
459 77
460 77
461 77
464 77
465 77
466 77
541 77
546 77
547 77
29 78
30 78
179 78
180 78
181 78
182 78
183 78
187 78
263 78
264 78
318 78
320 78
321 78
366 78
367 78
371 78
372 78
436 78
461 78
462 78
466 78
467 78
541 78
29 79
146 79
147 79
186 79
265 79
266 79
317 79
320 79
367 79
368 79
369 79
374 79
375 79
436 79
464 79
468 79
469 79
470 79
556 79
557 79
28 80
148 80
149 80
150 80
151 80
152 80
181 80
185 80
186 80
316 80
317 80
320 80
369 80
370 80
371 80
372 80
375 80
376 80
377 80
435 80
465 80
466 80
471 80
472 80
540 80
554 80
558 80
559 80
637 80
638 80
27 81
28 81
153 81
154 81
155 81
180 81
181 81
184 81
185 81
316 81
319 81
373 81
374 81
378 81
379 81
380 81
435 81
467 81
468 81
473 81
474 81
475 81
538 81
540 81
554 81
555 81
556 81
560 81
561 81
639 81
640 81
26 82
27 82
148 82
149 82
150 82
155 82
156 82
179 82
180 82
184 82
316 82
318 82
319 82
374 82
375 82
376 82
380 82
381 82
435 82
469 82
470 82
471 82
475 82
476 82
537 82
540 82
556 82
557 82
558 82
561 82
562 82
563 82
635 82
636 82
637 82
641 82
642 82
25 83
26 83
151 83
152 83
156 83
157 83
179 83
183 83
280 83
281 83
282 83
283 83
316 83
318 83
377 83
378 83
382 83
383 83
384 83
434 83
435 83
472 83
473 83
474 83
537 83
539 83
558 83
559 83
560 83
564 83
565 83
637 83
638 83
639 83
643 83
644 83
25 84
28 84
153 84
154 84
158 84
159 84
160 84
178 84
183 84
278 84
279 84
283 84
284 84
315 84
318 84
379 84
380 84
384 84
385 84
434 84
475 84
480 84
537 84
539 84
560 84
561 84
562 84
566 84
567 84
640 84
641 84
24 85
25 85
27 85
28 85
154 85
155 85
178 85
182 85
183 85
279 85
280 85
281 85
285 85
286 85
314 85
315 85
317 85
380 85
381 85
382 85
386 85
387 85
388 85
434 85
481 85
482 85
483 85
536 85
539 85
562 85
563 85
564 85
567 85
568 85
569 85
641 85
642 85
643 85
23 86
24 86
27 86
155 86
156 86
177 86
178 86
182 86
281 86
282 86
283 86
287 86
288 86
313 86
314 86
317 86
383 86
384 86
389 86
433 86
539 86
564 86
565 86
569 86
570 86
571 86
644 86
18 87
19 87
20 87
21 87
22 87
26 87
157 87
158 87
162 87
163 87
164 87
165 87
166 87
177 87
181 87
182 87
283 87
284 87
285 87
289 87
290 87
313 87
316 87
385 87
386 87
387 87
390 87
391 87
392 87
433 87
485 87
486 87
538 87
566 87
567 87
572 87
573 87
24 88
25 88
159 88
160 88
166 88
176 88
177 88
180 88
181 88
285 88
286 88
287 88
291 88
292 88
313 88
316 88
388 88
389 88
393 88
394 88
433 88
487 88
488 88
489 88
538 88
568 88
569 88
570 88
573 88
574 88
575 88
18 89
19 89
20 89
21 89
22 89
23 89
160 89
161 89
162 89
176 89
179 89
180 89
287 89
288 89
289 89
292 89
293 89
294 89
312 89
315 89
316 89
389 89
390 89
391 89
395 89
396 89
432 89
433 89
484 89
485 89
490 89
491 89
570 89
571 89
575 89
576 89
577 89
163 90
164 90
175 90
289 90
290 90
291 90
295 90
296 90
311 90
312 90
315 90
391 90
392 90
393 90
397 90
432 90
485 90
486 90
487 90
488 90
492 90
493 90
572 90
573 90
578 90
579 90
291 91
292 91
293 91
297 91
298 91
311 91
314 91
394 91
395 91
432 91
489 91
490 91
494 91
495 91
574 91
575 91
576 91
580 91
581 91
293 92
294 92
295 92
299 92
300 92
311 92
314 92
395 92
396 92
432 92
491 92
492 92
496 92
497 92
537 92
577 92
578 92
582 92
295 93
296 93
297 93
301 93
311 93
313 93
431 93
492 93
493 93
494 93
498 93
537 93
578 93
579 93
580 93
583 93
584 93
585 93
297 94
298 94
299 94
302 94
303 94
304 94
311 94
313 94
407 94
431 94
494 94
495 94
536 94
537 94
580 94
581 94
585 94
586 94
587 94
299 95
300 95
304 95
305 95
310 95
312 95
313 95
402 95
403 95
407 95
408 95
409 95
430 95
496 95
497 95
498 95
536 95
582 95
583 95
588 95
589 95
301 96
302 96
306 96
309 96
310 96
312 96
404 96
405 96
409 96
410 96
411 96
430 96
498 96
499 96
536 96
584 96
585 96
586 96
589 96
590 96
17 97
18 97
19 97
172 97
303 97
304 97
307 97
308 97
309 97
312 97
406 97
407 97
408 97
411 97
412 97
430 97
500 97
501 97
502 97
535 97
586 97
587 97
591 97
592 97
16 98
17 98
19 98
172 98
174 98
304 98
305 98
311 98
409 98
413 98
414 98
427 98
429 98
502 98
503 98
504 98
505 98
535 98
587 98
588 98
589 98
594 98
595 98
16 99
19 99
171 99
172 99
174 99
306 99
310 99
311 99
410 99
411 99
415 99
416 99
417 99
426 99
429 99
505 99
506 99
510 99
511 99
512 99
535 99
589 99
590 99
591 99
596 99
597 99
15 100
16 100
19 100
170 100
171 100
174 100
305 100
308 100
309 100
310 100
412 100
413 100
414 100
418 100
425 100
426 100
428 100
507 100
508 100
512 100
513 100
534 100
535 100
592 100
593 100
594 100
598 100
599 100
600 100
14 101
15 101
18 101
169 101
170 101
173 101
304 101
305 101
307 101
311 101
414 101
415 101
419 101
420 101
421 101
422 101
423 101
424 101
428 101
509 101
510 101
514 101
515 101
516 101
534 101
594 101
595 101
600 101
601 101
13 102
14 102
17 102
18 102
168 102
169 102
172 102
173 102
308 102
309 102
416 102
417 102
428 102
511 102
512 102
516 102
517 102
533 102
596 102
597 102
602 102
603 102
12 103
13 103
16 103
17 103
167 103
168 103
171 103
172 103
304 103
307 103
309 103
310 103
311 103
418 103
419 103
420 103
428 103
512 103
513 103
514 103
533 103
598 103
599 103
600 103
604 103
605 103
12 104
15 104
167 104
171 104
304 104
306 104
307 104
311 104
312 104
420 104
421 104
422 104
425 104
427 104
533 104
600 104
601 104
602 104
606 104
607 104
11 105
12 105
14 105
166 105
170 105
171 105
302 105
303 105
306 105
313 105
314 105
425 105
427 105
532 105
602 105
603 105
604 105
608 105
609 105
10 106
11 106
14 106
165 106
166 106
169 106
170 106
302 106
306 106
315 106
425 106
427 106
532 106
605 106
606 106
610 106
611 106
9 107
10 107
13 107
165 107
168 107
169 107
301 107
302 107
305 107
425 107
427 107
532 107
606 107
607 107
608 107
611 107
612 107
8 108
9 108
12 108
13 108
164 108
165 108
168 108
301 108
305 108
425 108
427 108
529 108
608 108
609 108
613 108
614 108
8 109
12 109
164 109
167 109
168 109
301 109
304 109
305 109
424 109
425 109
427 109
530 109
610 109
611 109
614 109
615 109
616 109
7 110
8 110
11 110
12 110
163 110
164 110
167 110
301 110
304 110
427 110
527 110
528 110
531 110
611 110
612 110
617 110
618 110
6 111
7 111
10 111
11 111
162 111
163 111
166 111
300 111
303 111
424 111
427 111
528 111
529 111
531 111
613 111
614 111
615 111
619 111
5 112
6 112
10 112
162 112
165 112
166 112
300 112
303 112
424 112
427 112
531 112
615 112
616 112
617 112
5 113
9 113
10 113
161 113
162 113
165 113
299 113
302 113
424 113
426 113
532 113
617 113
618 113
619 113
8 114
9 114
161 114
164 114
299 114
302 114
424 114
426 114
532 114
619 114
620 114
621 114
8 115
160 115
161 115
163 115
164 115
299 115
301 115
424 115
426 115
532 115
621 115
622 115
623 115
7 116
8 116
159 116
160 116
163 116
298 116
301 116
423 116
425 116
533 116
623 116
624 116
625 116
626 116
627 116
6 117
7 117
158 117
159 117
163 117
298 117
301 117
423 117
425 117
533 117
626 117
5 118
6 118
157 118
158 118
162 118
163 118
297 118
298 118
300 118
422 118
425 118
533 118
5 119
157 119
161 119
162 119
296 119
297 119
300 119
422 119
424 119
533 119
534 119
535 119
155 120
156 120
157 120
161 120
296 120
299 120
422 120
424 120
535 120
156 121
160 121
161 121
296 121
298 121
421 121
424 121
535 121
536 121
156 122
160 122
295 122
296 122
298 122
421 122
423 122
536 122
537 122
155 123
156 123
159 123
160 123
295 123
298 123
421 123
423 123
537 123
538 123
155 124
158 124
159 124
294 124
297 124
420 124
423 124
538 124
154 125
155 125
157 125
158 125
294 125
297 125
327 125
328 125
329 125
330 125
331 125
332 125
333 125
334 125
335 125
336 125
337 125
420 125
422 125
538 125
539 125
154 126
157 126
293 126
294 126
296 126
323 126
324 126
325 126
326 126
338 126
339 126
340 126
341 126
342 126
343 126
344 126
419 126
422 126
540 126
153 127
154 127
157 127
293 127
295 127
319 127
320 127
321 127
322 127
345 127
346 127
347 127
419 127
421 127
541 127
150 128
151 128
152 128
153 128
156 128
157 128
292 128
293 128
295 128
317 128
318 128
348 128
349 128
350 128
419 128
421 128
150 129
155 129
156 129
292 129
295 129
314 129
315 129
316 129
351 129
352 129
353 129
418 129
421 129
150 130
155 130
291 130
292 130
294 130
312 130
313 130
314 130
354 130
355 130
418 130
421 130
150 131
154 131
155 131
291 131
294 131
311 131
312 131
355 131
356 131
418 131
420 131
149 132
150 132
154 132
288 132
289 132
290 132
293 132
310 132
311 132
356 132
357 132
358 132
417 132
420 132
149 133
152 133
153 133
154 133
288 133
293 133
309 133
310 133
358 133
359 133
417 133
419 133
148 134
149 134
151 134
152 134
289 134
292 134
308 134
309 134
359 134
360 134
417 134
419 134
148 135
151 135
289 135
292 135
307 135
308 135
360 135
361 135
416 135
419 135
147 136
148 136
151 136
152 136
288 136
289 136
291 136
292 136
306 136
307 136
361 136
362 136
416 136
419 136
147 137
150 137
153 137
288 137
291 137
305 137
306 137
362 137
416 137
418 137
146 138
149 138
150 138
287 138
290 138
305 138
362 138
363 138
415 138
418 138
145 139
146 139
149 139
287 139
290 139
304 139
363 139
364 139
415 139
417 139
418 139
144 140
145 140
148 140
286 140
289 140
290 140
304 140
364 140
415 140
417 140
144 141
148 141
286 141
289 141
304 141
364 141
365 141
414 141
417 141
143 142
144 142
147 142
148 142
285 142
286 142
289 142
303 142
365 142
414 142
416 142
143 143
146 143
147 143
284 143
285 143
288 143
303 143
365 143
414 143
416 143
142 144
146 144
284 144
288 144
303 144
366 144
414 144
416 144
142 145
145 145
146 145
284 145
287 145
288 145
303 145
366 145
413 145
415 145
145 146
283 146
284 146
287 146
303 146
366 146
412 146
413 146
415 146
141 147
144 147
283 147
286 147
287 147
303 147
366 147
412 147
415 147
140 148
141 148
144 148
283 148
286 148
303 148
366 148
412 148
414 148
140 149
144 149
145 149
282 149
283 149
285 149
299 149
303 149
366 149
411 149
414 149
139 150
140 150
145 150
146 150
147 150
148 150
281 150
282 150
285 150
299 150
303 150
366 150
410 150
411 150
413 150
138 151
139 151
143 151
148 151
149 151
150 151
281 151
284 151
285 151
299 151
304 151
366 151
410 151
413 151
138 152
141 152
142 152
144 152
145 152
146 152
150 152
151 152
152 152
281 152
284 152
299 152
300 152
304 152
366 152
369 152
410 152
412 152
413 152
137 153
138 153
140 153
141 153
147 153
148 153
149 153
152 153
153 153
154 153
280 153
283 153
284 153
298 153
300 153
304 153
305 153
365 153
369 153
412 153
559 153
136 154
137 154
140 154
150 154
151 154
154 154
155 154
156 154
280 154
283 154
298 154
300 154
301 154
305 154
364 154
365 154
368 154
369 154
412 154
560 154
136 155
139 155
140 155
151 155
152 155
157 155
158 155
279 155
280 155
282 155
283 155
298 155
301 155
305 155
306 155
364 155
368 155
370 155
412 155
560 155
561 155
5 156
6 156
7 156
135 156
136 156
138 156
139 156
153 156
154 156
155 156
156 156
159 156
160 156
279 156
282 156
301 156
302 156
306 156
307 156
363 156
364 156
367 156
368 156
370 156
412 156
561 156
562 156
8 157
9 157
134 157
135 157
138 157
157 157
158 157
161 157
162 157
163 157
279 157
281 157
282 157
302 157
303 157
307 157
308 157
362 157
363 157
367 157
370 157
413 157
414 157
562 157
9 158
10 158
11 158
133 158
134 158
137 158
138 158
158 158
159 158
164 158
165 158
166 158
278 158
279 158
281 158
303 158
304 158
308 158
309 158
361 158
362 158
366 158
367 158
370 158
411 158
562 158
563 158
5 159
6 159
11 159
12 159
13 159
133 159
136 159
137 159
160 159
161 159
162 159
163 159
166 159
167 159
278 159
281 159
298 159
304 159
305 159
309 159
310 159
359 159
360 159
361 159
365 159
366 159
369 159
411 159
412 159
413 159
563 159
564 159
7 160
8 160
9 160
13 160
14 160
132 160
136 160
163 160
164 160
168 160
169 160
277 160
278 160
280 160
298 160
305 160
306 160
310 160
311 160
312 160
358 160
359 160
364 160
365 160
369 160
410 160
564 160
565 160
9 161
10 161
11 161
15 161
16 161
17 161
132 161
135 161
136 161
165 161
166 161
170 161
171 161
277 161
280 161
296 161
298 161
306 161
307 161
312 161
313 161
356 161
357 161
358 161
363 161
364 161
369 161
410 161
522 161
565 161
566 161
11 162
12 162
13 162
17 162
18 162
19 162
21 162
22 162
23 162
131 162
132 162
135 162
167 162
168 162
172 162
276 162
277 162
279 162
280 162
296 162
298 162
307 162
308 162
313 162
314 162
315 162
354 162
355 162
356 162
362 162
363 162
369 162
410 162
426 162
427 162
428 162
429 162
522 162
566 162
567 162
13 163
14 163
15 163
19 163
20 163
23 163
24 163
131 163
134 163
169 163
170 163
175 163
276 163
279 163
296 163
298 163
308 163
309 163
310 163
315 163
316 163
317 163
353 163
354 163
360 163
361 163
362 163
369 163
409 163
421 163
422 163
423 163
426 163
429 163
430 163
431 163
522 163
568 163
569 163
570 163
571 163
16 164
17 164
130 164
131 164
134 164
176 164
177 164
178 164
275 164
276 164
278 164
295 164
298 164
310 164
311 164
318 164
319 164
320 164
350 164
351 164
352 164
359 164
360 164
369 164
409 164
423 164
424 164
425 164
431 164
522 164
17 165
18 165
19 165
22 165
23 165
24 165
25 165
26 165
129 165
130 165
133 165
173 165
174 165
175 165
178 165
179 165
274 165
275 165
278 165
295 165
297 165
311 165
312 165
313 165
321 165
322 165
323 165
324 165
346 165
347 165
348 165
349 165
356 165
357 165
358 165
359 165
369 165
409 165
425 165
426 165
427 165
432 165
521 165
624 165
625 165
19 166
20 166
21 166
26 166
27 166
128 166
129 166
132 166
133 166
175 166
176 166
181 166
274 166
277 166
278 166
295 166
297 166
314 166
315 166
325 166
326 166
327 166
328 166
329 166
343 166
344 166
345 166
355 166
356 166
369 166
409 166
427 166
428 166
429 166
432 166
433 166
434 166
521 166
626 166
627 166
21 167
22 167
23 167
28 167
29 167
30 167
128 167
131 167
132 167
177 167
178 167
179 167
182 167
183 167
184 167
274 167
277 167
294 167
297 167
315 167
316 167
317 167
318 167
330 167
331 167
332 167
333 167
334 167
335 167
336 167
337 167
338 167
339 167
340 167
341 167
342 167
343 167
352 167
353 167
354 167
369 167
408 167
430 167
434 167
435 167
436 167
520 167
521 167
627 167
628 167
629 167
24 168
25 168
31 168
32 168
33 168
127 168
131 168
180 168
181 168
185 168
274 168
276 168
294 168
296 168
319 168
320 168
321 168
322 168
349 168
350 168
351 168
369 168
408 168
431 168
432 168
436 168
437 168
438 168
520 168
630 168
631 168
25 169
26 169
27 169
28 169
33 169
34 169
35 169
126 169
127 169
130 169
131 169
181 169
182 169
183 169
186 169
187 169
188 169
273 169
276 169
293 169
296 169
323 169
324 169
325 169
326 169
327 169
343 169
344 169
345 169
346 169
347 169
348 169
369 169
408 169
433 169
434 169
438 169
439 169
440 169
520 169
631 169
632 169
633 169
634 169
28 170
29 170
35 170
36 170
37 170
126 170
130 170
184 170
185 170
188 170
189 170
190 170
273 170
276 170
292 170
293 170
296 170
328 170
329 170
330 170
331 170
332 170
333 170
334 170
335 170
336 170
337 170
338 170
339 170
340 170
341 170
342 170
368 170
405 170
408 170
440 170
635 170
636 170
640 170
641 170
642 170
29 171
30 171
31 171
32 171
37 171
38 171
39 171
125 171
126 171
129 171
130 171
185 171
186 171
191 171
192 171
272 171
275 171
291 171
292 171
295 171
368 171
404 171
407 171
637 171
638 171
642 171
643 171
32 172
33 172
39 172
40 172
125 172
129 172
187 172
188 172
189 172
193 172
194 172
271 172
272 172
274 172
275 172
291 172
295 172
368 172
404 172
407 172
548 172
639 172
640 172
644 172
34 173
35 173
41 173
42 173
43 173
124 173
125 173
128 173
129 173
189 173
190 173
191 173
195 173
270 173
271 173
274 173
291 173
295 173
368 173
404 173
406 173
407 173
548 173
549 173
641 173
642 173
35 174
36 174
37 174
38 174
43 174
44 174
45 174
123 174
124 174
127 174
128 174
192 174
193 174
196 174
270 174
273 174
274 174
291 174
295 174
368 174
403 174
406 174
550 174
551 174
643 174
644 174
39 175
40 175
41 175
45 175
46 175
47 175
123 175
127 175
193 175
194 175
197 175
198 175
199 175
200 175
270 175
273 175
291 175
295 175
368 175
403 175
406 175
551 175
552 175
553 175
558 175
559 175
560 175
561 175
42 176
43 176
48 176
49 176
50 176
123 176
126 176
127 176
194 176
195 176
196 176
200 176
201 176
202 176
270 176
273 176
291 176
295 176
368 176
403 176
405 176
406 176
553 176
554 176
562 176
563 176
564 176
44 177
45 177
46 177
50 177
51 177
122 177
126 177
196 177
197 177
198 177
203 177
204 177
269 177
270 177
272 177
291 177
295 177
368 177
402 177
405 177
555 177
556 177
559 177
560 177
564 177
565 177
46 178
47 178
122 178
125 178
126 178
199 178
200 178
201 178
205 178
206 178
268 178
269 178
271 178
272 178
291 178
295 178
368 178
401 178
402 178
404 178
422 178
557 178
560 178
561 178
565 178
566 178
567 178
48 179
49 179
53 179
121 179
122 179
124 179
125 179
202 179
203 179
207 179
208 179
209 179
267 179
268 179
271 179
291 179
292 179
296 179
368 179
402 179
404 179
423 179
424 179
558 179
561 179
562 179
563 179
567 179
50 180
51 180
54 180
55 180
56 180
57 180
58 180
120 180
121 180
124 180
204 180
205 180
206 180
209 180
210 180
211 180
266 180
267 180
271 180
292 180
293 180
296 180
367 180
401 180
404 180
563 180
564 180
51 181
52 181
53 181
58 181
59 181
60 181
120 181
123 181
124 181
206 181
207 181
211 181
212 181
270 181
293 181
296 181
367 181
401 181
403 181
404 181
53 182
54 182
55 182
60 182
61 182
62 182
119 182
122 182
123 182
208 182
209 182
213 182
214 182
270 182
292 182
293 182
296 182
367 182
400 182
401 182
403 182
56 183
62 183
63 183
64 183
118 183
119 183
122 183
210 183
211 183
215 183
266 183
269 183
270 183
292 183
297 183
367 183
400 183
402 183
57 184
58 184
59 184
64 184
65 184
118 184
121 184
122 184
212 184
213 184
217 184
218 184
219 184
266 184
269 184
292 184
297 184
367 184
400 184
402 184
59 185
60 185
61 185
62 185
66 185
67 185
117 185
118 185
120 185
121 185
215 185
219 185
220 185
221 185
265 185
266 185
268 185
292 185
297 185
367 185
402 185
62 186
63 186
68 186
69 186
70 186
117 186
120 186
216 186
217 186
221 186
222 186
264 186
265 186
268 186
292 186
293 186
297 186
367 186
401 186
64 187
65 187
71 187
72 187
73 187
116 187
119 187
120 187
218 187
219 187
220 187
223 187
224 187
225 187
264 187
267 187
268 187
293 187
298 187
367 187
401 187
66 188
67 188
68 188
73 188
74 188
75 188
115 188
116 188
119 188
221 188
222 188
225 188
226 188
264 188
267 188
293 188
298 188
367 188
401 188
69 189
70 189
75 189
76 189
115 189
118 189
119 189
222 189
223 189
224 189
227 189
228 189
229 189
230 189
264 189
266 189
293 189
298 189
367 189
400 189
515 189
71 190
72 190
73 190
77 190
78 190
79 190
114 190
115 190
118 190
224 190
225 190
226 190
230 190
231 190
232 190
263 190
266 190
293 190
299 190
367 190
400 190
514 190
73 191
74 191
75 191
79 191
80 191
113 191
114 191
117 191
118 191
227 191
228 191
232 191
233 191
234 191
262 191
263 191
265 191
266 191
293 191
299 191
367 191
399 191
400 191
514 191
76 192
77 192
81 192
82 192
83 192
112 192
113 192
116 192
117 192
229 192
230 192
234 192
235 192
236 192
262 192
265 192
294 192
300 192
366 192
399 192
514 192
78 193
79 193
80 193
83 193
84 193
112 193
116 193
230 193
231 193
232 193
237 193
238 193
262 193
264 193
294 193
300 193
366 193
398 193
513 193
80 194
81 194
85 194
86 194
87 194
111 194
112 194
115 194
116 194
233 194
234 194
235 194
239 194
240 194
261 194
264 194
294 194
300 194
366 194
398 194
511 194
513 194
81 195
82 195
83 195
87 195
88 195
89 195
111 195
114 195
115 195
236 195
237 195
241 195
242 195
243 195
261 195
263 195
264 195
294 195
300 195
301 195
366 195
398 195
510 195
511 195
513 195
84 196
85 196
86 196
89 196
90 196
91 196
110 196
114 196
238 196
239 196
243 196
244 196
245 196
260 196
263 196
294 196
301 196
366 196
395 196
397 196
510 196
512 196
513 196
602 196
603 196
604 196
605 196
86 197
87 197
91 197
92 197
109 197
110 197
113 197
114 197
240 197
241 197
245 197
246 197
260 197
263 197
294 197
301 197
302 197
366 197
394 197
397 197
512 197
605 197
606 197
88 198
89 198
92 198
93 198
94 198
108 198
109 198
113 198
242 198
243 198
247 198
248 198
249 198
259 198
260 198
262 198
294 198
302 198
366 198
394 198
396 198
512 198
606 198
607 198
608 198
616 198
90 199
95 199
96 199
97 199
108 199
112 199
243 199
244 199
245 199
249 199
250 199
251 199
259 199
262 199
294 199
298 199
302 199
303 199
366 199
394 199
396 199
512 199
608 199
609 199
616 199
617 199
91 200
92 200
93 200
97 200
98 200
107 200
108 200
111 200
112 200
245 200
246 200
247 200
248 200
251 200
252 200
258 200
259 200
261 200
294 200
298 200
299 200
300 200
303 200
304 200
366 200
393 200
396 200
511 200
605 200
609 200
610 200
611 200
93 201
94 201
95 201
99 201
100 201
101 201
107 201
110 201
111 201
249 201
253 201
254 201
255 201
258 201
261 201
294 201
301 201
304 201
305 201
365 201
393 201
395 201
396 201
511 201
606 201
607 201
611 201
612 201
95 202
96 202
97 202
98 202
102 202
103 202
104 202
106 202
107 202
110 202
250 202
251 202
256 202
257 202
258 202
260 202
294 202
305 202
306 202
365 202
393 202
395 202
511 202
608 202
609 202
613 202
99 203
100 203
105 203
106 203
109 203
110 203
257 203
260 203
294 203
306 203
307 203
308 203
365 203
392 203
395 203
511 203
610 203
611 203
101 204
102 204
103 204
108 204
109 204
259 204
294 204
308 204
309 204
365 204
392 204
394 204
510 204
612 204
613 204
103 205
104 205
108 205
294 205
310 205
311 205
312 205
313 205
314 205
315 205
316 205
365 205
392 205
394 205
614 205
615 205
105 206
107 206
108 206
294 206
316 206
317 206
365 206
391 206
394 206
616 206
617 206
104 207
107 207
294 207
317 207
318 207
365 207
391 207
393 207
394 207
617 207
618 207
619 207
104 208
107 208
258 208
294 208
313 208
314 208
318 208
319 208
365 208
390 208
393 208
619 208
620 208
621 208
103 209
104 209
106 209
258 209
294 209
315 209
319 209
320 209
366 209
390 209
392 209
621 209
622 209
626 209
627 209
103 210
106 210
255 210
258 210
294 210
316 210
317 210
320 210
321 210
366 210
392 210
623 210
624 210
627 210
628 210
629 210
630 210
103 211
106 211
254 211
257 211
258 211
294 211
321 211
322 211
366 211
391 211
512 211
513 211
630 211
631 211
102 212
106 212
254 212
257 212
294 212
322 212
323 212
366 212
391 212
513 212
514 212
622 212
623 212
624 212
625 212
631 212
632 212
633 212
102 213
105 213
106 213
253 213
254 213
256 213
257 213
294 213
323 213
324 213
367 213
391 213
514 213
515 213
626 213
627 213
628 213
629 213
633 213
634 213
635 213
101 214
102 214
105 214
253 214
256 214
294 214
321 214
324 214
325 214
367 214
390 214
391 214
629 214
630 214
631 214
100 215
101 215
104 215
105 215
252 215
253 215
255 215
294 215
322 215
325 215
326 215
367 215
390 215
631 215
632 215
638 215
639 215
99 216
100 216
104 216
252 216
255 216
294 216
323 216
326 216
327 216
367 216
390 216
632 216
633 216
639 216
640 216
99 217
103 217
104 217
251 217
252 217
254 217
255 217
294 217
324 217
327 217
328 217
367 217
370 217
390 217
633 217
634 217
640 217
641 217
98 218
102 218
103 218
251 218
254 218
294 218
325 218
328 218
329 218
368 218
370 218
634 218
635 218
641 218
642 218
98 219
102 219
250 219
251 219
253 219
254 219
294 219
325 219
329 219
330 219
368 219
370 219
371 219
631 219
635 219
636 219
642 219
643 219
644 219
97 220
98 220
101 220
102 220
250 220
253 220
294 220
326 220
330 220
331 220
368 220
371 220
372 220
632 220
633 220
637 220
638 220
96 221
97 221
100 221
101 221
250 221
252 221
253 221
294 221
329 221
331 221
332 221
368 221
372 221
633 221
634 221
635 221
638 221
639 221
96 222
100 222
249 222
252 222
294 222
332 222
333 222
334 222
335 222
347 222
348 222
368 222
372 222
635 222
636 222
640 222
95 223
99 223
100 223
248 223
249 223
251 223
252 223
294 223
336 223
337 223
338 223
339 223
340 223
341 223
342 223
343 223
344 223
345 223
346 223
349 223
350 223
351 223
352 223
367 223
372 223
637 223
638 223
641 223
642 223
94 224
95 224
99 224
248 224
251 224
294 224
353 224
354 224
366 224
367 224
372 224
94 225
98 225
99 225
250 225
251 225
294 225
346 225
347 225
348 225
349 225
350 225
355 225
356 225
357 225
358 225
359 225
360 225
361 225
362 225
363 225
364 225
365 225
366 225
368 225
370 225
371 225
372 225
93 226
94 226
97 226
98 226
162 226
163 226
250 226
351 226
352 226
368 226
369 226
93 227
97 227
163 227
164 227
165 227
249 227
353 227
354 227
355 227
356 227
357 227
358 227
359 227
360 227
361 227
362 227
363 227
93 228
96 228
97 228
166 228
167 228
168 228
293 228
92 229
93 229
95 229
96 229
169 229
170 229
246 229
293 229
90 230
91 230
92 230
95 230
170 230
171 230
172 230
245 230
246 230
248 230
293 230
89 231
90 231
94 231
95 231
173 231
174 231
244 231
245 231
248 231
292 231
293 231
89 232
93 232
94 232
175 232
176 232
177 232
178 232
244 232
247 232
292 232
88 233
89 233
93 233
178 233
179 233
244 233
246 233
247 233
291 233
384 233
88 234
92 234
93 234
243 234
246 234
291 234
384 234
385 234
386 234
387 234
88 235
92 235
242 235
243 235
245 235
291 235
384 235
388 235
389 235
87 236
88 236
91 236
92 236
242 236
245 236
290 236
383 236
390 236
391 236
86 237
87 237
90 237
91 237
242 237
244 237
290 237
292 237
293 237
383 237
392 237
393 237
394 237
85 238
86 238
90 238
241 238
244 238
288 238
289 238
290 238
291 238
293 238
383 238
395 238
396 238
397 238
398 238
85 239
89 239
90 239
240 239
241 239
243 239
288 239
294 239
382 239
399 239
400 239
401 239
402 239
610 239
84 240
89 240
239 240
240 240
243 240
288 240
293 240
382 240
403 240
404 240
405 240
406 240
610 240
83 241
84 241
88 241
89 241
239 241
242 241
287 241
293 241
381 241
407 241
408 241
409 241
610 241
82 242
83 242
87 242
88 242
239 242
242 242
287 242
292 242
293 242
381 242
410 242
411 242
412 242
610 242
82 243
87 243
238 243
239 243
241 243
286 243
292 243
294 243
381 243
413 243
414 243
415 243
610 243
82 244
86 244
87 244
238 244
241 244
289 244
290 244
291 244
292 244
380 244
416 244
417 244
418 244
610 244
81 245
86 245
238 245
241 245
287 245
288 245
380 245
419 245
420 245
421 245
609 245
610 245
80 246
81 246
85 246
237 246
240 246
287 246
380 246
422 246
423 246
424 246
608 246
609 246
79 247
80 247
84 247
85 247
236 247
237 247
240 247
287 247
291 247
379 247
424 247
425 247
426 247
607 247
608 247
78 248
79 248
84 248
236 248
239 248
286 248
287 248
288 248
289 248
290 248
291 248
365 248
379 248
427 248
428 248
429 248
607 248
78 249
83 249
84 249
235 249
236 249
238 249
239 249
286 249
291 249
365 249
367 249
379 249
430 249
431 249
432 249
607 249
78 250
82 250
83 250
235 250
238 250
285 250
286 250
287 250
290 250
365 250
368 250
369 250
378 250
379 250
433 250
434 250
607 250
77 251
78 251
82 251
234 251
235 251
237 251
285 251
290 251
365 251
366 251
370 251
371 251
378 251
435 251
436 251
437 251
607 251
76 252
77 252
81 252
82 252
234 252
237 252
284 252
285 252
290 252
366 252
367 252
368 252
378 252
437 252
438 252
439 252
606 252
76 253
80 253
81 253
233 253
234 253
236 253
237 253
284 253
290 253
367 253
369 253
370 253
377 253
440 253
441 253
442 253
606 253
76 254
80 254
233 254
236 254
284 254
290 254
371 254
372 254
376 254
377 254
442 254
443 254
607 254
75 255
76 255
79 255
80 255
233 255
236 255
283 255
289 255
368 255
373 255
374 255
375 255
376 255
443 255
607 255
74 256
75 256
79 256
232 256
235 256
289 256
369 256
370 256
443 256
608 256
74 257
78 257
79 257
231 257
232 257
235 257
289 257
370 257
443 257
74 258
77 258
78 258
231 258
234 258
235 258
289 258
442 258
73 259
77 259
231 259
234 259
289 259
442 259
73 260
76 260
77 260
231 260
233 260
288 260
442 260
72 261
73 261
76 261
230 261
231 261
233 261
288 261
441 261
606 261
71 262
72 262
75 262
76 262
230 262
232 262
281 262
288 262
441 262
606 262
607 262
71 263
74 263
75 263
229 263
232 263
280 263
281 263
288 263
440 263
441 263
605 263
607 263
70 264
71 264
74 264
227 264
228 264
229 264
231 264
232 264
280 264
288 264
440 264
501 264
605 264
607 264
69 265
70 265
73 265
74 265
231 265
287 265
365 265
440 265
502 265
503 265
605 265
607 265
68 266
69 266
72 266
73 266
230 266
231 266
284 266
285 266
287 266
365 266
440 266
504 266
505 266
506 266
607 266
68 267
71 267
72 267
279 267
280 267
281 267
282 267
283 267
284 267
287 267
365 267
366 267
439 267
500 267
501 267
502 267
503 267
507 267
607 267
68 268
71 268
230 268
231 268
232 268
233 268
278 268
279 268
288 268
366 268
439 268
499 268
503 268
504 268
505 268
67 269
68 269
70 269
71 269
234 269
235 269
236 269
278 269
281 269
288 269
367 269
439 269
499 269
505 269
506 269
507 269
66 270
67 270
70 270
230 270
231 270
232 270
236 270
237 270
238 270
278 270
281 270
282 270
288 270
367 270
439 270
498 270
66 271
69 271
70 271
223 271
228 271
229 271
233 271
234 271
238 271
239 271
277 271
278 271
282 271
288 271
368 271
438 271
498 271
66 272
223 272
227 272
228 272
235 272
236 272
240 272
241 272
242 272
243 272
277 272
282 272
288 272
368 272
438 272
498 272
512 272
513 272
514 272
65 273
66 273
69 273
70 273
222 273
223 273
227 273
236 273
237 273
243 273
244 273
245 273
277 273
282 273
288 273
368 273
438 273
498 273
514 273
515 273
516 273
64 274
65 274
70 274
71 274
72 274
222 274
227 274
238 274
239 274
240 274
241 274
242 274
245 274
246 274
276 274
277 274
282 274
289 274
368 274
437 274
498 274
516 274
64 275
72 275
73 275
74 275
222 275
227 275
243 275
247 275
248 275
275 275
276 275
278 275
282 275
289 275
437 275
497 275
517 275
518 275
63 276
67 276
68 276
69 276
70 276
74 276
75 276
222 276
226 276
244 276
245 276
249 276
250 276
251 276
275 276
279 276
282 276
283 276
289 276
366 276
437 276
497 276
519 276
520 276
62 277
63 277
66 277
67 277
71 277
72 277
76 277
77 277
221 277
225 277
226 277
246 277
247 277
251 277
252 277
253 277
273 277
274 277
280 277
283 277
290 277
367 277
436 277
496 277
497 277
62 278
65 278
66 278
72 278
73 278
74 278
78 278
79 278
221 278
225 278
248 278
249 278
250 278
255 278
256 278
273 278
280 278
281 278
283 278
290 278
291 278
367 278
436 278
496 278
61 279
62 279
64 279
65 279
74 279
75 279
76 279
79 279
80 279
81 279
221 279
225 279
251 279
252 279
256 279
257 279
273 279
281 279
284 279
291 279
305 279
367 279
368 279
436 279
496 279
60 280
61 280
64 280
76 280
77 280
82 280
83 280
84 280
221 280
224 280
225 280
272 280
282 280
284 280
291 280
292 280
306 280
307 280
308 280
368 280
435 280
496 280
59 281
60 281
63 281
78 281
79 281
80 281
84 281
85 281
86 281
221 281
224 281
273 281
285 281
292 281
308 281
309 281
368 281
435 281
496 281
58 282
59 282
63 282
80 282
81 282
82 282
86 282
87 282
88 282
221 282
223 282
224 282
265 282
273 282
285 282
286 282
288 282
292 282
293 282
310 282
311 282
312 282
313 282
345 282
346 282
368 282
435 282
495 282
496 282
57 283
58 283
62 283
63 283
83 283
84 283
89 283
90 283
220 283
221 283
223 283
266 283
267 283
274 283
275 283
286 283
288 283
293 283
294 283
313 283
314 283
315 283
341 283
342 283
343 283
344 283
368 283
435 283
495 283
57 284
61 284
62 284
85 284
86 284
87 284
91 284
92 284
220 284
222 284
267 284
268 284
271 284
272 284
275 284
276 284
277 284
286 284
289 284
294 284
295 284
315 284
316 284
317 284
318 284
319 284
320 284
337 284
338 284
339 284
340 284
368 284
434 284
495 284
56 285
57 285
60 285
61 285
87 285
88 285
89 285
93 285
94 285
219 285
222 285
271 285
274 285
277 285
278 285
285 285
286 285
289 285
295 285
296 285
321 285
322 285
323 285
324 285
325 285
326 285
327 285
328 285
329 285
330 285
331 285
332 285
333 285
334 285
335 285
336 285
368 285
434 285
495 285
542 285
56 286
60 286
90 286
91 286
219 286
221 286
222 286
271 286
279 286
286 286
287 286
290 286
296 286
297 286
300 286
360 286
361 286
368 286
433 286
434 286
495 286
542 286
543 286
55 287
56 287
59 287
60 287
91 287
92 287
97 287
98 287
218 287
221 287
271 287
272 287
281 287
282 287
287 287
288 287
291 287
297 287
298 287
301 287
311 287
312 287
313 287
314 287
315 287
348 287
359 287
360 287
368 287
433 287
494 287
544 287
545 287
53 288
54 288
55 288
59 288
99 288
100 288
218 288
221 288
272 288
273 288
282 288
283 288
284 288
288 288
289 288
298 288
299 288
302 288
310 288
316 288
317 288
318 288
319 288
345 288
346 288
347 288
358 288
359 288
368 288
433 288
494 288
545 288
546 288
547 288
53 289
58 289
59 289
95 289
96 289
97 289
101 289
102 289
103 289
217 289
218 289
220 289
273 289
274 289
275 289
284 289
285 289
289 289
290 289
299 289
300 289
303 289
304 289
307 289
311 289
312 289
313 289
314 289
341 289
342 289
343 289
344 289
358 289
368 289
432 289
433 289
494 289
547 289
548 289
53 290
57 290
58 290
98 290
103 290
104 290
105 290
217 290
220 290
275 290
276 290
277 290
282 290
285 290
286 290
287 290
290 290
291 290
300 290
301 290
304 290
305 290
308 290
309 290
315 290
316 290
317 290
318 290
319 290
337 290
338 290
339 290
340 290
357 290
358 290
362 290
367 290
432 290
493 290
549 290
550 290
551 290
52 291
53 291
57 291
100 291
101 291
105 291
106 291
107 291
217 291
219 291
277 291
278 291
279 291
287 291
288 291
291 291
292 291
298 291
301 291
302 291
306 291
307 291
310 291
311 291
320 291
321 291
322 291
323 291
324 291
325 291
326 291
327 291
328 291
329 291
330 291
331 291
332 291
333 291
334 291
335 291
336 291
356 291
357 291
362 291
367 291
431 291
432 291
434 291
435 291
493 291
551 291
552 291
51 292
52 292
56 292
57 292
102 292
103 292
107 292
108 292
216 292
219 292
280 292
281 292
288 292
289 292
292 292
295 292
299 292
302 292
303 292
307 292
308 292
311 292
312 292
313 292
354 292
355 292
356 292
361 292
362 292
367 292
431 292
435 292
436 292
493 292
51 293
56 293
104 293
105 293
109 293
110 293
111 293
215 293
216 293
218 293
219 293
282 293
283 293
284 293
290 293
293 293
295 293
296 293
300 293
303 293
304 293
308 293
309 293
310 293
314 293
315 293
316 293
354 293
360 293
361 293
366 293
367 293
431 293
437 293
438 293
439 293
440 293
493 293
555 293
556 293
50 294
51 294
55 294
105 294
106 294
107 294
112 294
113 294
215 294
218 294
284 294
285 294
286 294
291 294
292 294
293 294
297 294
301 294
304 294
305 294
310 294
311 294
312 294
317 294
318 294
319 294
320 294
321 294
351 294
352 294
353 294
360 294
366 294
431 294
440 294
441 294
557 294
558 294
559 294
560 294
50 295
54 295
55 295
108 295
109 295
114 295
115 295
116 295
215 295
217 295
286 295
287 295
288 295
298 295
302 295
305 295
313 295
314 295
315 295
322 295
323 295
324 295
325 295
326 295
327 295
328 295
329 295
330 295
331 295
332 295
333 295
334 295
350 295
351 295
359 295
360 295
363 295
366 295
430 295
50 296
53 296
54 296
110 296
111 296
112 296
116 296
117 296
118 296
215 296
217 296
289 296
299 296
300 296
302 296
303 296
305 296
316 296
317 296
348 296
349 296
359 296
363 296
365 296
430 296
442 296
443 296
444 296
445 296
49 297
50 297
53 297
113 297
114 297
118 297
119 297
214 297
217 297
289 297
293 297
294 297
295 297
300 297
303 297
304 297
323 297
324 297
325 297
326 297
327 297
328 297
329 297
330 297
331 297
332 297
333 297
334 297
335 297
347 297
348 297
358 297
359 297
362 297
364 297
365 297
430 297
445 297
446 297
48 298
52 298
53 298
115 298
116 298
120 298
121 298
213 298
214 298
216 298
290 298
291 298
295 298
296 298
301 298
343 298
344 298
345 298
346 298
356 298
357 298
358 298
361 298
364 298
429 298
447 298
448 298
449 298
48 299
52 299
117 299
118 299
121 299
122 299
123 299
213 299
216 299
291 299
292 299
293 299
294 299
301 299
302 299
340 299
341 299
342 299
355 299
356 299
360 299
363 299
364 299
429 299
450 299
451 299
452 299
48 300
51 300
52 300
118 300
119 300
120 300
124 300
125 300
213 300
215 300
295 300
296 300
300 300
302 300
303 300
330 300
331 300
332 300
333 300
334 300
335 300
336 300
337 300
338 300
339 300
353 300
354 300
355 300
359 300
362 300
363 300
429 300
452 300
453 300
454 300
47 301
48 301
50 301
51 301
120 301
121 301
122 301
126 301
127 301
128 301
212 301
215 301
296 301
297 301
298 301
300 301
303 301
304 301
349 301
351 301
352 301
353 301
358 301
361 301
362 301
428 301
455 301
456 301
45 302
46 302
47 302
50 302
123 302
124 302
129 302
130 302
131 302
211 302
212 302
214 302
299 302
300 302
304 302
305 302
347 302
348 302
349 302
357 302
360 302
361 302
428 302
456 302
457 302
458 302
574 302
575 302
576 302
44 303
45 303
49 303
50 303
125 303
126 303
127 303
211 303
214 303
305 303
306 303
345 303
346 303
347 303
356 303
359 303
360 303
428 303
458 303
459 303
460 303
576 303
577 303
44 304
49 304
127 304
128 304
129 304
130 304
131 304
132 304
133 304
135 304
136 304
137 304
210 304
211 304
213 304
214 304
307 304
308 304
309 304
310 304
341 304
342 304
343 304
344 304
358 304
359 304
428 304
460 304
461 304
462 304
463 304
578 304
579 304
580 304
44 305
48 305
49 305
133 305
138 305
210 305
213 305
310 305
332 305
333 305
334 305
335 305
336 305
337 305
338 305
339 305
340 305
357 305
358 305
427 305
463 305
464 305
490 305
580 305
581 305
43 306
44 306
48 306
134 306
135 306
139 306
140 306
141 306
209 306
210 306
212 306
310 306
311 306
355 306
356 306
357 306
427 306
489 306
582 306
583 306
584 306
42 307
43 307
47 307
48 307
136 307
137 307
141 307
142 307
209 307
212 307
312 307
313 307
314 307
354 307
355 307
427 307
455 307
466 307
467 307
468 307
489 307
584 307
585 307
586 307
42 308
46 308
47 308
138 308
139 308
143 308
209 308
211 308
314 308
315 308
316 308
317 308
318 308
319 308
320 308
321 308
351 308
352 308
353 308
427 308
456 308
457 308
458 308
469 308
470 308
489 308
587 308
588 308
592 308
41 309
42 309
46 309
140 309
141 309
144 309
145 309
146 309
211 309
316 309
317 309
321 309
322 309
323 309
324 309
325 309
326 309
349 309
350 309
351 309
426 309
458 309
459 309
470 309
471 309
489 309
589 309
590 309
593 309
594 309
41 310
45 310
46 310
141 310
142 310
146 310
147 310
210 310
211 310
317 310
318 310
319 310
327 310
328 310
346 310
347 310
348 310
426 310
459 310
460 310
461 310
472 310
473 310
488 310
590 310
591 310
592 310
40 311
41 311
45 311
142 311
143 311
144 311
147 311
148 311
149 311
150 311
210 311
319 311
320 311
339 311
340 311
341 311
342 311
343 311
344 311
345 311
426 311
461 311
462 311
463 311
473 311
474 311
475 311
488 311
592 311
593 311
594 311
40 312
44 312
45 312
144 312
145 312
151 312
152 312
207 312
210 312
320 312
321 312
322 312
323 312
338 312
339 312
425 312
463 312
464 312
475 312
476 312
488 312
595 312
596 312
39 313
40 313
43 313
44 313
146 313
147 313
153 313
154 313
155 313
206 313
209 313
210 313
323 313
324 313
325 313
337 313
425 313
464 313
465 313
466 313
477 313
478 313
488 313
597 313
37 314
38 314
39 314
42 314
43 314
147 314
148 314
156 314
157 314
158 314
205 314
206 314
209 314
325 314
326 314
327 314
328 314
425 314
466 314
479 314
480 314
487 314
36 315
37 315
42 315
149 315
150 315
151 315
152 315
153 315
154 315
158 315
159 315
205 315
208 315
328 315
329 315
330 315
425 315
465 315
487 315
35 316
36 316
41 316
42 316
155 316
156 316
160 316
161 316
204 316
205 316
207 316
208 316
330 316
331 316
332 316
424 316
487 316
35 317
37 317
41 317
157 317
162 317
163 317
164 317
204 317
207 317
332 317
333 317
334 317
424 317
487 317
37 318
40 318
41 318
158 318
159 318
160 318
164 318
165 318
166 318
203 318
206 318
207 318
334 318
335 318
336 318
424 318
486 318
36 319
39 319
40 319
160 319
161 319
162 319
166 319
167 319
168 319
203 319
205 319
206 319
336 319
337 319
352 319
353 319
354 319
424 319
35 320
36 320
39 320
163 320
164 320
168 320
169 320
170 320
202 320
203 320
205 320
338 320
339 320
340 320
350 320
351 320
352 320
354 320
423 320
484 320
34 321
35 321
38 321
39 321
165 321
166 321
167 321
171 321
172 321
173 321
202 321
205 321
340 321
341 321
342 321
347 321
348 321
349 321
354 321
423 321
484 321
33 322
34 322
37 322
38 322
167 322
168 322
169 322
201 322
204 322
342 322
343 322
347 322
355 322
423 322
483 322
484 322
33 323
37 323
169 323
170 323
171 323
174 323
175 323
201 323
204 323
344 323
345 323
346 323
347 323
355 323
422 323
483 323
33 324
36 324
37 324
171 324
172 324
175 324
176 324
177 324
178 324
200 324
201 324
203 324
355 324
356 324
422 324
32 325
33 325
35 325
36 325
172 325
173 325
174 325
179 325
180 325
200 325
203 325
356 325
357 325
422 325
31 326
32 326
35 326
175 326
176 326
177 326
181 326
182 326
199 326
357 326
422 326
31 327
34 327
35 327
178 327
179 327
183 327
184 327
199 327
357 327
421 327
30 328
31 328
33 328
34 328
180 328
181 328
185 328
186 328
187 328
198 328
199 328
357 328
421 328
30 329
33 329
181 329
182 329
183 329
188 329
189 329
190 329
198 329
357 329
421 329
29 330
30 330
32 330
33 330
183 330
184 330
185 330
186 330
190 330
191 330
197 330
200 330
356 330
357 330
420 330
29 331
32 331
187 331
188 331
189 331
192 331
193 331
195 331
196 331
197 331
199 331
200 331
201 331
350 331
351 331
352 331
353 331
354 331
355 331
420 331
27 332
28 332
29 332
31 332
32 332
190 332
191 332
194 332
199 332
350 332
419 332
27 333
31 333
191 333
192 333
193 333
198 333
199 333
350 333
419 333
26 334
30 334
194 334
195 334
197 334
198 334
349 334
419 334
26 335
29 335
30 335
197 335
349 335
418 335
25 336
26 336
29 336
349 336
418 336
24 337
25 337
28 337
29 337
349 337
418 337
24 338
27 338
28 338
197 338
348 338
418 338
5 339
6 339
23 339
24 339
27 339
197 339
348 339
417 339
6 340
7 340
8 340
23 340
26 340
27 340
197 340
347 340
417 340
8 341
9 341
21 341
22 341
23 341
25 341
26 341
193 341
196 341
197 341
347 341
417 341
5 342
10 342
11 342
12 342
18 342
19 342
20 342
21 342
22 342
25 342
192 342
193 342
196 342
346 342
347 342
416 342
5 343
6 343
7 343
12 343
13 343
18 343
24 343
25 343
192 343
196 343
346 343
416 343
8 344
9 344
10 344
14 344
15 344
16 344
17 344
24 344
192 344
195 344
346 344
416 344
10 345
11 345
17 345
23 345
24 345
191 345
192 345
194 345
195 345
346 345
415 345
416 345
12 346
13 346
18 346
19 346
23 346
191 346
194 346
345 346
415 346
14 347
15 347
16 347
21 347
22 347
23 347
191 347
193 347
194 347
345 347
414 347
415 347
16 348
17 348
18 348
20 348
21 348
190 348
193 348
345 348
413 348
414 348
18 349
20 349
189 349
190 349
193 349
344 349
412 349
413 349
18 350
20 350
189 350
192 350
344 350
411 350
412 350
18 351
20 351
188 351
189 351
192 351
344 351
408 351
409 351
410 351
17 352
18 352
21 352
187 352
188 352
191 352
192 352
344 352
407 352
408 352
16 353
17 353
21 353
187 353
191 353
343 353
405 353
406 353
407 353
16 354
20 354
187 354
191 354
343 354
402 354
403 354
404 354
16 355
20 355
186 355
187 355
190 355
191 355
343 355
398 355
399 355
400 355
401 355
15 356
20 356
184 356
185 356
186 356
189 356
190 356
342 356
393 356
394 356
395 356
396 356
397 356
15 357
19 357
20 357
184 357
189 357
342 357
386 357
387 357
388 357
389 357
390 357
391 357
392 357
15 358
19 358
183 358
188 358
342 358
353 358
354 358
355 358
357 358
358 358
359 358
360 358
361 358
362 358
364 358
365 358
366 358
381 358
382 358
383 358
384 358
385 358
14 359
15 359
18 359
183 359
188 359
341 359
349 359
350 359
351 359
352 359
356 359
363 359
367 359
368 359
369 359
370 359
373 359
374 359
375 359
376 359
377 359
378 359
379 359
380 359
14 360
17 360
18 360
183 360
187 360
188 360
341 360
347 360
348 360
371 360
372 360
13 361
14 361
17 361
183 361
187 361
340 361
346 361
347 361
13 362
16 362
17 362
182 362
183 362
187 362
340 362
345 362
346 362
12 363
13 363
16 363
182 363
186 363
340 363
344 363
345 363
12 364
15 364
16 364
182 364
185 364
186 364
339 364
342 364
343 364
344 364
11 365
12 365
14 365
15 365
181 365
185 365
339 365
341 365
342 365
11 366
14 366
180 366
181 366
184 366
185 366
339 366
340 366
341 366
10 367
11 367
13 367
14 367
180 367
184 367
9 368
10 368
13 368
183 368
184 368
8 369
9 369
12 369
13 369
179 369
180 369
183 369
7 370
8 370
12 370
178 370
179 370
182 370
183 370
7 371
11 371
176 371
177 371
178 371
182 371
6 372
7 372
10 372
11 372
175 372
176 372
181 372
182 372
6 373
9 373
10 373
181 373
5 374
6 374
9 374
177 374
180 374
5 375
8 375
9 375
177 375
180 375
5 376
8 376
176 376
179 376
180 376
7 377
8 377
176 377
179 377
6 378
7 378
175 378
176 378
178 378
179 378
6 379
175 379
178 379
5 380
175 380
177 380
178 380
5 381
173 381
174 381
177 381
598 381
172 382
173 382
176 382
334 382
593 382
594 382
595 382
596 382
597 382
172 383
176 383
334 383
591 383
592 383
599 383
600 383
601 383
602 383
603 383
604 383
605 383
172 384
175 384
176 384
333 384
589 384
590 384
597 384
598 384
172 385
175 385
333 385
595 385
596 385
597 385
171 386
174 386
175 386
333 386
594 386
595 386
171 387
174 387
332 387
592 387
593 387
170 388
171 388
173 388
174 388
332 388
469 388
590 388
591 388
169 389
170 389
173 389
332 389
467 389
468 389
469 389
470 389
584 389
585 389
588 389
589 389
590 389
169 390
173 390
331 390
470 390
471 390
472 390
473 390
586 390
587 390
588 390
168 391
172 391
173 391
331 391
473 391
474 391
168 392
172 392
331 392
475 392
476 392
167 393
168 393
171 393
330 393
476 393
477 393
478 393
479 393
167 394
171 394
330 394
479 394
480 394
481 394
166 395
167 395
170 395
171 395
330 395
474 395
481 395
482 395
165 396
166 396
170 396
329 396
474 396
475 396
476 396
477 396
478 396
482 396
483 396
484 396
164 397
165 397
169 397
329 397
479 397
480 397
481 397
485 397
486 397
487 397
164 398
169 398
329 398
482 398
483 398
487 398
488 398
164 399
168 399
169 399
329 399
483 399
484 399
485 399
489 399
490 399
163 400
164 400
168 400
329 400
485 400
486 400
491 400
492 400
493 400
494 400
163 401
167 401
168 401
329 401
330 401
331 401
486 401
487 401
488 401
495 401
496 401
497 401
162 402
167 402
331 402
332 402
489 402
490 402
491 402
642 402
643 402
644 402
161 403
162 403
166 403
167 403
332 403
333 403
334 403
491 403
492 403
642 403
161 404
166 404
327 404
328 404
329 404
330 404
334 404
335 404
492 404
493 404
494 404
643 404
644 404
165 405
166 405
327 405
331 405
332 405
336 405
337 405
338 405
495 405
496 405
497 405
161 406
165 406
326 406
333 406
334 406
338 406
339 406
340 406
497 406
498 406
161 407
165 407
326 407
334 407
335 407
336 407
340 407
341 407
342 407
498 407
499 407
500 407
161 408
164 408
323 408
326 408
336 408
337 408
338 408
342 408
343 408
344 408
345 408
501 408
160 409
161 409
163 409
164 409
322 409
325 409
339 409
340 409
345 409
346 409
159 410
160 410
163 410
322 410
325 410
340 410
341 410
342 410
343 410
347 410
348 410
349 410
158 411
159 411
162 411
321 411
322 411
325 411
344 411
345 411
350 411
351 411
352 411
158 412
162 412
321 412
324 412
345 412
346 412
347 412
352 412
353 412
354 412
158 413
161 413
162 413
320 413
321 413
324 413
348 413
349 413
350 413
354 413
355 413
356 413
357 413
157 414
158 414
161 414
320 414
323 414
350 414
351 414
352 414
357 414
358 414
157 415
161 415
162 415
163 415
320 415
323 415
352 415
353 415
358 415
359 415
360 415
517 415
156 416
163 416
164 416
165 416
320 416
323 416
353 416
354 416
361 416
362 416
363 416
518 416
519 416
156 417
165 417
166 417
167 417
320 417
322 417
355 417
356 417
357 417
358 417
363 417
364 417
365 417
520 417
521 417
522 417
155 418
167 418
168 418
320 418
322 418
358 418
359 418
360 418
366 418
367 418
368 418
369 418
523 418
524 418
525 418
155 419
169 419
170 419
171 419
322 419
360 419
361 419
362 419
369 419
370 419
525 419
526 419
527 419
531 419
532 419
533 419
534 419
535 419
155 420
161 420
172 420
173 420
174 420
175 420
322 420
363 420
364 420
365 420
370 420
371 420
527 420
528 420
529 420
535 420
536 420
537 420
154 421
162 421
163 421
176 421
177 421
321 421
366 421
367 421
368 421
372 421
373 421
374 421
375 421
529 421
530 421
531 421
537 421
538 421
153 422
154 422
164 422
165 422
166 422
177 422
178 422
179 422
321 422
368 422
369 422
370 422
376 422
377 422
531 422
532 422
533 422
539 422
540 422
541 422
153 423
166 423
167 423
179 423
180 423
181 423
320 423
371 423
372 423
373 423
377 423
378 423
379 423
535 423
536 423
542 423
543 423
153 424
167 424
168 424
182 424
183 424
184 424
320 424
373 424
374 424
379 424
380 424
536 424
537 424
538 424
544 424
152 425
153 425
169 425
170 425
171 425
184 425
185 425
186 425
320 425
374 425
375 425
376 425
377 425
381 425
382 425
383 425
538 425
539 425
544 425
545 425
152 426
172 426
173 426
174 426
175 426
187 426
188 426
319 426
320 426
378 426
379 426
384 426
385 426
539 426
540 426
541 426
546 426
151 427
152 427
176 427
177 427
178 427
179 427
189 427
190 427
191 427
192 427
319 427
379 427
380 427
381 427
382 427
386 427
387 427
541 427
542 427
543 427
544 427
151 428
154 428
179 428
180 428
182 428
192 428
193 428
319 428
382 428
383 428
388 428
389 428
390 428
545 428
546 428
151 429
153 429
180 429
181 429
182 429
183 429
194 429
195 429
196 429
197 429
314 429
318 429
383 429
384 429
385 429
391 429
392 429
393 429
546 429
547 429
548 429
549 429
151 430
153 430
183 430
184 430
185 430
198 430
199 430
200 430
314 430
315 430
318 430
385 430
386 430
387 430
388 430
389 430
393 430
394 430
395 430
549 430
550 430
150 431
152 431
200 431
201 431
202 431
312 431
313 431
314 431
318 431
390 431
391 431
395 431
396 431
397 431
550 431
551 431
149 432
152 432
184 432
185 432
186 432
187 432
188 432
189 432
190 432
317 432
392 432
393 432
397 432
398 432
399 432
552 432
553 432
148 433
149 433
151 433
152 433
189 433
190 433
191 433
192 433
201 433
202 433
203 433
204 433
205 433
317 433
393 433
394 433
395 433
399 433
400 433
401 433
147 434
148 434
151 434
193 434
194 434
195 434
205 434
206 434
317 434
396 434
397 434
401 434
402 434
146 435
147 435
150 435
151 435
196 435
197 435
198 435
207 435
208 435
209 435
316 435
317 435
398 435
399 435
403 435
404 435
405 435
146 436
150 436
198 436
199 436
200 436
210 436
211 436
212 436
213 436
316 436
399 436
400 436
401 436
406 436
407 436
408 436
143 437
145 437
146 437
149 437
150 437
200 437
201 437
202 437
214 437
215 437
312 437
315 437
316 437
402 437
403 437
404 437
409 437
410 437
411 437
143 438
145 438
149 438
203 438
204 438
215 438
216 438
312 438
315 438
404 438
405 438
406 438
411 438
412 438
142 439
148 439
149 439
204 439
205 439
206 439
216 439
217 439
218 439
312 439
315 439
406 439
407 439
408 439
412 439
413 439
414 439
415 439
142 440
148 440
206 440
207 440
218 440
219 440
220 440
312 440
314 440
408 440
409 440
410 440
415 440
416 440
417 440
141 441
142 441
147 441
148 441
207 441
208 441
209 441
212 441
213 441
214 441
221 441
222 441
223 441
311 441
314 441
411 441
412 441
413 441
417 441
418 441
419 441
141 442
147 442
209 442
210 442
211 442
212 442
214 442
215 442
223 442
224 442
311 442
314 442
414 442
415 442
419 442
420 442
421 442
638 442
639 442
640 442
144 443
147 443
215 443
216 443
217 443
225 443
226 443
227 443
311 443
313 443
314 443
416 443
417 443
421 443
422 443
423 443
141 444
142 444
143 444
146 444
218 444
219 444
220 444
228 444
229 444
230 444
310 444
311 444
313 444
417 444
418 444
419 444
423 444
424 444
425 444
638 444
639 444
640 444
641 444
140 445
141 445
146 445
220 445
221 445
230 445
231 445
232 445
313 445
419 445
420 445
421 445
425 445
426 445
427 445
140 446
145 446
221 446
222 446
223 446
233 446
234 446
235 446
313 446
421 446
422 446
423 446
428 446
429 446
140 447
145 447
223 447
224 447
225 447
235 447
236 447
237 447
310 447
312 447
424 447
425 447
430 447
431 447
432 447
139 448
144 448
145 448
225 448
226 448
237 448
238 448
239 448
309 448
312 448
426 448
427 448
428 448
432 448
433 448
139 449
144 449
227 449
228 449
229 449
239 449
240 449
309 449
312 449
429 449
430 449
434 449
435 449
436 449
139 450
144 450
229 450
230 450
241 450
242 450
243 450
244 450
308 450
309 450
311 450
431 450
432 450
436 450
437 450
438 450
139 451
143 451
231 451
232 451
233 451
244 451
245 451
246 451
308 451
311 451
432 451
433 451
434 451
435 451
439 451
440 451
5 452
139 452
142 452
143 452
234 452
235 452
236 452
246 452
247 452
248 452
308 452
311 452
436 452
437 452
441 452
442 452
443 452
6 453
7 453
8 453
9 453
10 453
11 453
12 453
139 453
142 453
237 453
238 453
239 453
248 453
249 453
308 453
310 453
311 453
438 453
439 453
13 454
14 454
138 454
141 454
239 454
240 454
241 454
250 454
251 454
252 454
308 454
310 454
440 454
14 455
15 455
137 455
138 455
140 455
141 455
242 455
243 455
252 455
253 455
254 455
255 455
310 455
5 456
6 456
7 456
16 456
17 456
18 456
137 456
140 456
243 456
244 456
245 456
256 456
257 456
258 456
309 456
310 456
8 457
9 457
18 457
19 457
136 457
137 457
139 457
140 457
246 457
247 457
248 457
249 457
258 457
259 457
260 457
309 457
10 458
11 458
20 458
136 458
139 458
249 458
250 458
260 458
261 458
262 458
263 458
309 458
11 459
12 459
20 459
21 459
22 459
136 459
139 459
251 459
252 459
253 459
264 459
265 459
306 459
309 459
12 460
13 460
22 460
23 460
24 460
135 460
136 460
138 460
253 460
254 460
255 460
265 460
266 460
267 460
306 460
308 460
25 461
26 461
27 461
134 461
135 461
138 461
255 461
256 461
267 461
268 461
305 461
306 461
308 461
17 462
18 462
19 462
27 462
28 462
134 462
137 462
256 462
257 462
258 462
269 462
270 462
271 462
305 462
308 462
20 463
21 463
22 463
29 463
30 463
31 463
133 463
136 463
137 463
258 463
259 463
271 463
272 463
273 463
304 463
307 463
308 463
22 464
23 464
24 464
31 464
32 464
132 464
136 464
259 464
260 464
261 464
262 464
263 464
264 464
273 464
274 464
304 464
306 464
307 464
24 465
25 465
26 465
32 465
33 465
132 465
136 465
264 465
265 465
266 465
275 465
276 465
277 465
304 465
306 465
27 466
28 466
33 466
34 466
35 466
36 466
37 466
38 466
130 466
131 466
132 466
135 466
136 466
266 466
267 466
278 466
279 466
280 466
281 466
302 466
303 466
306 466
28 467
29 467
30 467
31 467
38 467
39 467
40 467
130 467
135 467
267 467
268 467
269 467
281 467
282 467
301 467
302 467
306 467
32 468
33 468
34 468
40 468
41 468
130 468
134 468
135 468
269 468
270 468
271 468
282 468
283 468
299 468
300 468
305 468
35 469
36 469
42 469
43 469
44 469
45 469
129 469
130 469
133 469
134 469
271 469
272 469
273 469
284 469
285 469
286 469
287 469
305 469
36 470
37 470
45 470
46 470
130 470
133 470
273 470
274 470
275 470
276 470
287 470
288 470
289 470
303 470
305 470
37 471
38 471
46 471
47 471
48 471
129 471
130 471
133 471
276 471
277 471
278 471
289 471
290 471
303 471
305 471
38 472
39 472
49 472
50 472
51 472
52 472
129 472
133 472
278 472
279 472
280 472
281 472
290 472
291 472
292 472
302 472
304 472
39 473
40 473
41 473
53 473
54 473
129 473
133 473
282 473
283 473
293 473
294 473
302 473
304 473
41 474
42 474
55 474
56 474
57 474
58 474
128 474
131 474
132 474
133 474
283 474
284 474
285 474
294 474
295 474
296 474
301 474
304 474
42 475
43 475
44 475
45 475
58 475
59 475
60 475
127 475
128 475
131 475
286 475
287 475
296 475
297 475
298 475
300 475
301 475
303 475
304 475
46 476
47 476
48 476
60 476
61 476
62 476
127 476
130 476
131 476
287 476
288 476
289 476
299 476
303 476
48 477
49 477
62 477
63 477
127 477
130 477
289 477
290 477
291 477
292 477
303 477
49 478
50 478
51 478
63 478
64 478
126 478
129 478
292 478
293 478
302 478
56 479
57 479
65 479
66 479
67 479
126 479
128 479
129 479
293 479
294 479
300 479
301 479
302 479
58 480
59 480
68 480
69 480
70 480
125 480
128 480
294 480
300 480
59 481
60 481
61 481
70 481
71 481
125 481
128 481
294 481
300 481
61 482
62 482
71 482
72 482
73 482
124 482
125 482
127 482
295 482
299 482
300 482
